-0.000000	-60.000000	-0.000000
0.250000	-61.500000	0.000000
0.500000	-62.965500	0.000000
0.750000	-64.388602	0.000000
1.000000	-65.762310	-0.164573
1.250000	-67.080450	-0.380248
1.500000	-68.338100	-0.644814
1.750000	-69.531484	-0.955881
2.000000	-70.657961	-1.310922
2.250000	-71.715979	-1.707318
2.500000	-72.704997	-2.142399
2.750000	-73.625385	-2.613480
3.000000	-74.478308	-3.117898
3.250000	-75.265602	-3.653040
3.500000	-75.989646	-4.216368
3.750000	-76.653245	-4.805439
4.000000	-77.259513	-5.417922
4.250000	-77.811768	-6.051609
4.500000	-78.313450	-6.704421
4.750000	-78.768036	-7.374414
5.000000	-79.178979	-8.059779
5.250000	-79.549658	-8.758842
5.500000	-79.883338	-9.470057
5.750000	-80.183139	-10.192007
6.000000	-80.452018	-10.923395
6.250000	-80.692754	-11.663037
6.500000	-80.907940	-12.409857
6.750000	-81.099985	-13.162881
7.000000	-81.271113	-13.921223
7.250000	-81.423368	-14.684086
7.500000	-81.558625	-15.450752
7.750000	-81.678590	-16.220574
8.000000	-81.784820	-16.992970
8.250000	-81.878726	-17.767418
8.500000	-81.961585	-18.543452
8.750000	-82.034551	-19.320653
9.000000	-82.098666	-20.098647
9.250000	-82.154868	-20.877100
9.500000	-82.203998	-21.655715
9.750000	-82.246813	-22.434225
10.000000	-82.283993	-23.212395
10.250000	-82.316145	-23.990014
10.500000	-82.343814	-24.766894
10.750000	-82.367487	-25.542870
11.000000	-82.387599	-26.317794
11.250000	-82.404541	-27.091534
11.500000	-82.418659	-27.863976
11.750000	-82.430263	-28.635015
12.000000	-82.439631	-29.404563
12.250000	-82.447008	-30.172538
12.500000	-82.452616	-30.938869
12.750000	-82.456650	-31.703495
13.000000	-82.459286	-32.466361
13.250000	-82.460678	-33.227418
13.500000	-82.460966	-33.986625
13.750000	-82.460273	-34.743944
14.000000	-82.458710	-35.499345
14.250000	-82.456375	-36.252798
14.500000	-82.453354	-37.004280
14.750000	-82.449725	-37.753770
15.000000	-82.445558	-38.501250
15.250000	-82.440914	-39.246706
15.500000	-82.435848	-39.990123
15.750000	-82.430409	-40.731492
16.000000	-82.424640	-41.470804
16.250000	-82.418580	-42.208051
16.500000	-82.412263	-42.943227
16.750000	-82.405719	-43.676329
17.000000	-82.398977	-44.407353
17.250000	-82.392060	-45.136296
17.500000	-82.384990	-45.863158
17.750000	-82.377785	-46.587937
18.000000	-82.370464	-47.310634
18.250000	-82.363041	-48.031250
18.500000	-82.355530	-48.749786
18.750000	-82.347943	-49.466244
19.000000	-82.340290	-50.180626
19.250000	-82.332581	-50.892935
19.500000	-82.324825	-51.603175
19.750000	-82.317029	-52.311348
20.000000	-82.309200	-53.017458
20.250000	-82.301343	-53.721509
20.500000	-82.293465	-54.423506
20.750000	-82.285569	-55.123452
21.000000	-82.277660	-55.821352
21.250000	-82.269742	-56.517211
21.500000	-82.261818	-57.211033
21.750000	-82.253890	-57.902824
22.000000	-82.245963	-58.592588
22.250000	-82.238037	-59.280330
22.500000	-82.230115	-59.966055
22.750000	-82.222199	-60.649770
23.000000	-82.214291	-61.331478
23.250000	-82.206391	-62.011185
23.500000	-82.198502	-62.688897
23.750000	-82.190624	-63.364618
24.000000	-82.182758	-64.038355
24.250000	-82.174905	-64.710113
24.500000	-82.167067	-65.379896
24.750000	-82.159243	-66.047712
25.000000	-82.151434	-66.713564
25.250000	-82.143642	-67.377459
25.500000	-82.135865	-68.039402
25.750000	-82.128106	-68.699398
26.000000	-82.120363	-69.357454
26.250000	-82.112638	-70.013574
26.500000	-82.104931	-70.667764
26.750000	-82.097242	-71.320029
27.000000	-82.089571	-71.970375
27.250000	-82.081918	-72.618808
27.500000	-82.074284	-73.265333
27.750000	-82.066668	-73.909956
28.000000	-82.059072	-74.552681
28.250000	-82.051494	-75.193514
28.500000	-82.043936	-75.832462
28.750000	-82.036396	-76.469528
29.000000	-82.028876	-77.104719
29.250000	-82.021375	-77.738040
29.500000	-82.013893	-78.369497
29.750000	-82.006430	-78.999094
30.000000	-81.998987	-79.626837
30.250000	-81.991563	-80.252732
30.500000	-81.984158	-80.876784
30.750000	-81.976772	-81.498998
31.000000	-81.969406	-82.119379
31.250000	-81.962059	-82.737934
31.500000	-81.954731	-83.354666
31.750000	-81.947423	-83.969582
32.000000	-81.940134	-84.582686
32.250000	-81.932864	-85.193984
32.500000	-81.925613	-85.803482
32.750000	-81.918381	-86.411184
33.000000	-81.911169	-87.017095
33.250000	-81.903976	-87.621221
33.500000	-81.896801	-88.223567
33.750000	-81.889646	-88.824138
34.000000	-81.882510	-89.422940
34.250000	-81.875392	-90.019976
34.500000	-81.868294	-90.615254
34.750000	-81.861214	-91.208777
35.000000	-81.854154	-91.800550
35.250000	-81.847112	-92.390580
35.500000	-81.840089	-92.978870
35.750000	-81.833085	-93.565426
36.000000	-81.826099	-94.150253
36.250000	-81.819132	-94.733356
36.500000	-81.812184	-95.314740
36.750000	-81.805254	-95.894410
37.000000	-81.798342	-96.472371
37.250000	-81.791450	-97.048628
37.500000	-81.784575	-97.623186
37.750000	-81.777719	-98.196050
38.000000	-81.770882	-98.767224
38.250000	-81.764063	-99.336714
38.500000	-81.757262	-99.904524
38.750000	-81.750479	-100.470660
39.000000	-81.743714	-101.035127
39.250000	-81.736968	-101.597928
39.500000	-81.730240	-102.159070
39.750000	-81.723529	-102.718556
40.000000	-81.716837	-103.276392
40.250000	-81.710163	-103.832582
40.500000	-81.703506	-104.387132
40.750000	-81.696868	-104.940046
41.000000	-81.690247	-105.491328
41.250000	-81.683645	-106.040984
41.500000	-81.677060	-106.589018
41.750000	-81.670492	-107.135435
42.000000	-81.663943	-107.680240
42.250000	-81.657411	-108.223438
42.500000	-81.650896	-108.765032
42.750000	-81.644400	-109.305028
43.000000	-81.637920	-109.843430
43.250000	-81.631458	-110.380244
43.500000	-81.625014	-110.915473
43.750000	-81.618587	-111.449122
44.000000	-81.612177	-111.981196
44.250000	-81.605785	-112.511700
44.500000	-81.599409	-113.040638
44.750000	-81.593051	-113.568014
45.000000	-81.586711	-114.093833
45.250000	-81.580387	-114.618100
45.500000	-81.574080	-115.140820
45.750000	-81.567791	-115.661996
46.000000	-81.561518	-116.181633
46.250000	-81.555263	-116.699736
46.500000	-81.549024	-117.216309
46.750000	-81.542802	-117.731356
47.000000	-81.536598	-118.244883
47.250000	-81.530409	-118.756893
47.500000	-81.524238	-119.267391
47.750000	-81.518083	-119.776382
48.000000	-81.511945	-120.283869
48.250000	-81.505824	-120.789857
48.500000	-81.499719	-121.294351
48.750000	-81.493631	-121.797355
49.000000	-81.487559	-122.298872
49.250000	-81.481504	-122.798909
49.500000	-81.475466	-123.297468
49.750000	-81.469443	-123.794554
50.000000	-81.463437	-124.290172
50.250000	-81.457447	-124.784325
50.500000	-81.451474	-125.277019
50.750000	-81.445517	-125.768257
51.000000	-81.439576	-126.258043
51.250000	-81.433651	-126.746382
51.500000	-81.427742	-127.233278
51.750000	-81.421849	-127.718735
52.000000	-81.415973	-128.202757
52.250000	-81.410112	-128.685349
52.500000	-81.404267	-129.166515
52.750000	-81.398438	-129.646259
53.000000	-81.392626	-130.124585
53.250000	-81.386828	-130.601497
53.500000	-81.381047	-131.076999
53.750000	-81.375282	-131.551096
54.000000	-81.369532	-132.023791
54.250000	-81.363798	-132.495089
54.500000	-81.358079	-132.964994
54.750000	-81.352376	-133.433509
55.000000	-81.346689	-133.900640
55.250000	-81.341017	-134.366389
55.500000	-81.335361	-134.830761
55.750000	-81.329720	-135.293760
56.000000	-81.324094	-135.755390
56.250000	-81.318484	-136.215655
56.500000	-81.312889	-136.674559
56.750000	-81.307310	-137.132106
57.000000	-81.301746	-137.588300
57.250000	-81.296197	-138.043145
57.500000	-81.290663	-138.496644
57.750000	-81.285144	-138.948803
58.000000	-81.279640	-139.399624
58.250000	-81.274152	-139.849111
58.500000	-81.268678	-140.297269
58.750000	-81.263220	-140.744101
59.000000	-81.257776	-141.189612
59.250000	-81.252348	-141.633804
59.500000	-81.246934	-142.076683
59.750000	-81.241535	-142.518251
60.000000	-81.236151	-142.958513
60.250000	-81.230781	-143.397472
60.500000	-81.225427	-143.835133
60.750000	-81.220087	-144.271499
61.000000	-81.214762	-144.706573
61.250000	-81.209451	-145.140360
61.500000	-81.204155	-145.572864
61.750000	-81.198873	-146.004088
62.000000	-81.193606	-146.434035
62.250000	-81.188354	-146.862710
62.500000	-81.183116	-147.290117
62.750000	-81.177892	-147.716258
63.000000	-81.172682	-148.141139
63.250000	-81.167487	-148.564761
63.500000	-81.162307	-148.987130
63.750000	-81.157140	-149.408249
64.000000	-81.151988	-149.828121
64.250000	-81.146850	-150.246750
64.500000	-81.141726	-150.664140
64.750000	-81.136616	-151.080295
65.000000	-81.131520	-151.495217
65.250000	-81.126439	-151.908911
65.500000	-81.121371	-152.321380
65.750000	-81.116317	-152.732628
66.000000	-81.111277	-153.142658
66.250000	-81.106251	-153.551475
66.500000	-81.101239	-153.959080
66.750000	-81.096241	-154.365479
67.000000	-81.091257	-154.770674
67.250000	-81.086286	-155.174670
67.500000	-81.081329	-155.577469
67.750000	-81.076386	-155.979075
68.000000	-81.071456	-156.379492
68.250000	-81.066540	-156.778723
68.500000	-81.061638	-157.176771
68.750000	-81.056749	-157.573641
69.000000	-81.051873	-157.969335
69.250000	-81.047012	-158.363857
69.500000	-81.042163	-158.757210
69.750000	-81.037328	-159.149398
70.000000	-81.032506	-159.540424
70.250000	-81.027698	-159.930292
70.500000	-81.022903	-160.319005
70.750000	-81.018121	-160.706566
71.000000	-81.013353	-161.092980
71.250000	-81.008598	-161.478248
71.500000	-81.003855	-161.862375
71.750000	-80.999127	-162.245363
72.000000	-80.994411	-162.627217
72.250000	-80.989708	-163.007940
72.500000	-80.985018	-163.387534
72.750000	-80.980341	-163.766003
73.000000	-80.975678	-164.143351
73.250000	-80.971027	-164.519580
73.500000	-80.966389	-164.894695
73.750000	-80.961764	-165.268698
74.000000	-80.957152	-165.641592
74.250000	-80.952552	-166.013381
74.500000	-80.947965	-166.384069
74.750000	-80.943392	-166.753657
75.000000	-80.938830	-167.122150
75.250000	-80.934282	-167.489551
75.500000	-80.929746	-167.855863
75.750000	-80.925223	-168.221088
76.000000	-80.920712	-168.585232
76.250000	-80.916214	-168.948295
76.500000	-80.911728	-169.310282
76.750000	-80.907255	-169.671197
77.000000	-80.902794	-170.031041
77.250000	-80.898346	-170.389818
77.500000	-80.893910	-170.747531
77.750000	-80.889486	-171.104184
78.000000	-80.885075	-171.459779
78.250000	-80.880676	-171.814320
78.500000	-80.876290	-172.167810
78.750000	-80.871915	-172.520251
79.000000	-80.867553	-172.871647
79.250000	-80.863203	-173.222001
79.500000	-80.858865	-173.571317
79.750000	-80.854539	-173.919596
80.000000	-80.850225	-174.266842
80.250000	-80.845923	-174.613058
80.500000	-80.841633	-174.958248
80.750000	-80.837355	-175.302413
81.000000	-80.833090	-175.645558
81.250000	-80.828836	-175.987685
81.500000	-80.824593	-176.328797
81.750000	-80.820363	-176.668897
82.000000	-80.816145	-177.007989
82.250000	-80.811938	-177.346074
82.500000	-80.807743	-177.683157
82.750000	-80.803560	-178.019239
83.000000	-80.799389	-178.354325
83.250000	-80.795229	-178.688416
83.500000	-80.791081	-179.021516
83.750000	-80.786944	-179.353628
84.000000	-80.782819	-179.684754
84.250000	-80.778706	-180.014898
84.500000	-80.774604	-180.344062
84.750000	-80.770513	-180.672250
85.000000	-80.766434	-180.999463
85.250000	-80.762367	-181.325706
85.500000	-80.758310	-181.650980
85.750000	-80.754266	-181.975289
86.000000	-80.750232	-182.298636
86.250000	-80.746210	-182.621023
86.500000	-80.742199	-182.942454
86.750000	-80.738199	-183.262930
87.000000	-80.734211	-183.582455
87.250000	-80.730234	-183.901032
87.500000	-80.726267	-184.218663
87.750000	-80.722312	-184.535351
88.000000	-80.718368	-184.851100
88.250000	-80.714436	-185.165911
88.500000	-80.710514	-185.479787
88.750000	-80.706603	-185.792732
89.000000	-80.702703	-186.104748
89.250000	-80.698814	-186.415837
89.500000	-80.694937	-186.726003
89.750000	-80.691069	-187.035249
90.000000	-80.687213	-187.343575
90.250000	-80.683368	-187.650987
90.500000	-80.679533	-187.957486
90.750000	-80.675710	-188.263075
91.000000	-80.671897	-188.567756
91.250000	-80.668094	-188.871533
91.500000	-80.664303	-189.174408
91.750000	-80.660522	-189.476383
92.000000	-80.656752	-189.777462
92.250000	-80.652992	-190.077646
92.500000	-80.649243	-190.376939
92.750000	-80.645505	-190.675343
93.000000	-80.641777	-190.972861
93.250000	-80.638059	-191.269496
93.500000	-80.634352	-191.565249
93.750000	-80.630655	-191.860124
94.000000	-80.626969	-192.154124
94.250000	-80.623294	-192.447250
94.500000	-80.619628	-192.739505
94.750000	-80.615973	-193.030892
95.000000	-80.612328	-193.321414
95.250000	-80.608694	-193.611073
95.500000	-80.605070	-193.899871
95.750000	-80.601456	-194.187812
96.000000	-80.597852	-194.474897
96.250000	-80.594258	-194.761129
96.500000	-80.590675	-195.046511
96.750000	-80.587101	-195.331045
97.000000	-80.583538	-195.614734
97.250000	-80.579985	-195.897579
97.500000	-80.576441	-196.179585
97.750000	-80.572908	-196.460753
98.000000	-80.569385	-196.741085
98.250000	-80.565872	-197.020584
98.500000	-80.562368	-197.299253
98.750000	-80.558875	-197.577093
99.000000	-80.555391	-197.854108
99.250000	-80.551918	-198.130300
99.500000	-80.548454	-198.405671
99.750000	-80.545000	-198.680224
100.000000	-80.541555	-198.953961
100.250000	-80.538121	-199.226885
100.500000	-80.534696	-199.498997
100.750000	-80.531281	-199.770301
101.000000	-80.527875	-200.040798
101.250000	-80.524480	-200.310491
101.500000	-80.521093	-200.579383
101.750000	-80.517717	-200.847476
102.000000	-80.514350	-201.114771
102.250000	-80.510992	-201.381272
102.500000	-80.507644	-201.646981
102.750000	-80.504306	-201.911901
103.000000	-80.500976	-202.176032
103.250000	-80.497657	-202.439379
103.500000	-80.494347	-202.701943
103.750000	-80.491046	-202.963726
104.000000	-80.487754	-203.224731
104.250000	-80.484472	-203.484960
104.500000	-80.481199	-203.744415
104.750000	-80.477936	-204.003099
105.000000	-80.474681	-204.261014
105.250000	-80.471436	-204.518162
105.500000	-80.468201	-204.774545
105.750000	-80.464974	-205.030166
106.000000	-80.461756	-205.285027
106.250000	-80.458548	-205.539131
106.500000	-80.455349	-205.792478
106.750000	-80.452159	-206.045073
107.000000	-80.448978	-206.296916
107.250000	-80.445805	-206.548010
107.500000	-80.442642	-206.798358
107.750000	-80.439488	-207.047961
108.000000	-80.436343	-207.296822
108.250000	-80.433207	-207.544943
108.500000	-80.430080	-207.792326
108.750000	-80.426962	-208.038973
109.000000	-80.423852	-208.284887
109.250000	-80.420751	-208.530069
109.500000	-80.417660	-208.774522
109.750000	-80.414577	-209.018248
110.000000	-80.411502	-209.261249
110.250000	-80.408437	-209.503527
110.500000	-80.405380	-209.745085
110.750000	-80.402332	-209.985924
111.000000	-80.399293	-210.226046
111.250000	-80.396262	-210.465455
111.500000	-80.393240	-210.704151
111.750000	-80.390227	-210.942137
112.000000	-80.387222	-211.179415
112.250000	-80.384225	-211.415988
112.500000	-80.381238	-211.651856
112.750000	-80.378258	-211.887023
113.000000	-80.375288	-212.121490
113.250000	-80.372325	-212.355259
113.500000	-80.369371	-212.588334
113.750000	-80.366426	-212.820714
114.000000	-80.363489	-213.052403
114.250000	-80.360560	-213.283403
114.500000	-80.357640	-213.513716
114.750000	-80.354728	-213.743343
115.000000	-80.351824	-213.972287
115.250000	-80.348929	-214.200549
115.500000	-80.346042	-214.428133
115.750000	-80.343163	-214.655039
116.000000	-80.340292	-214.881270
116.250000	-80.337430	-215.106828
116.500000	-80.334576	-215.331715
116.750000	-80.331730	-215.555932
117.000000	-80.328892	-215.779482
117.250000	-80.326062	-216.002367
117.500000	-80.323240	-216.224588
117.750000	-80.320426	-216.446148
118.000000	-80.317621	-216.667049
118.250000	-80.314823	-216.887292
118.500000	-80.312033	-217.106879
118.750000	-80.309252	-217.325814
119.000000	-80.306478	-217.544096
119.250000	-80.303712	-217.761729
119.500000	-80.300954	-217.978713
119.750000	-80.298204	-218.195052
120.000000	-80.295462	-218.410748
120.250000	-78.730228	-218.625800
120.500000	-77.318198	-218.781620
120.750000	-76.036017	-218.884098
121.000000	-74.864884	-218.938238
121.250000	-73.789484	-218.948326
121.500000	-72.797209	-218.918061
121.750000	-71.877580	-218.850661
122.000000	-71.021812	-218.748944
122.250000	-70.222479	-218.615389
122.500000	-69.473262	-218.452194
122.750000	-68.768746	-218.261310
123.000000	-68.104262	-218.044485
123.250000	-67.475763	-217.803284
123.500000	-66.879720	-217.539117
123.750000	-66.313041	-217.253258
124.000000	-65.773004	-216.946864
124.250000	-65.257205	-216.620985
124.500000	-64.763509	-216.079432
124.750000	-64.290257	-215.539234
125.000000	-63.835715	-215.000386
125.250000	-63.398325	-214.462885
125.500000	-62.976683	-213.926727
125.750000	-62.569519	-213.391911
126.000000	-62.175684	-212.858431
126.250000	-61.794130	-212.326285
126.500000	-61.423902	-211.795469
126.750000	-61.064125	-211.265980
127.000000	-60.713995	-210.737815
127.250000	-60.372773	-210.210971
127.500000	-60.039776	-209.685443
127.750000	-59.714371	-209.161230
128.000000	-59.395969	-208.638327
128.250000	-59.084022	-208.116731
128.500000	-58.778017	-207.596439
128.750000	-58.477475	-207.077448
129.000000	-58.181942	-206.559754
129.250000	-57.890993	-206.043355
129.500000	-57.604223	-205.528247
129.750000	-57.321249	-205.014426
130.000000	-57.041705	-204.501890
130.250000	-56.765240	-203.990635
130.500000	-56.491520	-203.480659
130.750000	-56.220220	-202.971957
131.000000	-55.951027	-202.464527
131.250000	-55.683637	-201.958366
131.500000	-55.417755	-201.453470
131.750000	-55.153089	-200.949836
132.000000	-54.889355	-200.447462
132.250000	-54.626271	-199.946343
132.500000	-54.363558	-199.446477
132.750000	-54.100940	-198.947861
133.000000	-53.838139	-198.450491
133.250000	-53.574876	-197.954365
133.500000	-53.310871	-197.459479
133.750000	-53.045840	-196.965830
134.000000	-52.779495	-196.473416
134.250000	-52.511542	-195.982232
134.500000	-52.241680	-195.492277
134.750000	-51.969598	-195.003546
135.000000	-51.694977	-194.516037
135.250000	-51.417485	-194.029747
135.500000	-51.136779	-193.544673
135.750000	-50.852499	-193.060811
136.000000	-50.564270	-192.578159
136.250000	-50.271696	-192.096714
136.500000	-49.974361	-191.616472
136.750000	-49.671827	-191.137431
137.000000	-49.363626	-190.659587
137.250000	-49.049264	-190.182938
137.500000	-48.728213	-189.707481
137.750000	-48.399908	-189.233212
138.000000	-48.063744	-188.760129
138.250000	-47.719070	-188.288229
138.500000	-47.365186	-187.817508
138.750000	-47.001334	-187.347964
139.000000	-46.626691	-186.879594
139.250000	-46.240367	-186.412395
139.500000	-45.841389	-185.946364
139.750000	-45.428696	-185.481499
140.000000	-45.001125	-185.017795
140.250000	-44.557397	-184.555250
140.500000	-44.096107	-184.093862
140.750000	-43.615700	-183.633628
141.000000	-43.114454	-183.174543
141.250000	-42.590453	-182.716607
141.500000	-42.041564	-182.259816
141.750000	-41.465397	-181.804166
142.000000	-40.859270	-181.349656
142.250000	-40.220163	-180.896282
142.500000	-39.544655	-180.444041
142.750000	-38.828865	-179.992931
143.000000	-38.068363	-179.542948
143.250000	-37.258073	-179.094091
143.500000	-36.392154	-178.646356
143.750000	-35.463842	-178.199740
144.000000	-34.465269	-177.754241
144.250000	-33.387226	-177.309855
144.500000	-32.218865	-176.866580
144.750000	-30.947321	-176.424414
145.000000	-29.557228	-175.983353
145.250000	-28.030080	-175.543394
145.500000	-26.343397	-175.104536
145.750000	-24.469615	-174.666775
146.000000	-22.374572	-174.230108
146.250000	-20.015448	-173.794532
146.500000	-17.337867	-173.360046
146.750000	-14.271794	-172.926646
147.000000	-10.725562	-172.494329
147.250000	-6.576993	-172.063094
147.500000	-1.659839	-171.632936
147.750000	4.257548	-171.203853
148.000000	17.965110	-170.775844
148.250000	-42.965110	-160.348904
148.500000	-42.462496	-159.948032
148.750000	-41.935683	-159.548162
149.000000	-41.382395	-159.149291
149.250000	-40.800080	-158.751418
149.500000	-40.185866	-158.354540
149.750000	-39.536505	-157.958653
150.000000	-38.848318	-157.563757
150.250000	-38.117109	-157.169847
150.500000	-37.338083	-156.776923
150.750000	-36.505725	-156.384980
151.000000	-35.613668	-155.994018
151.250000	-34.654515	-155.604033
151.500000	-33.619633	-155.215023
151.750000	-32.498874	-154.826985
152.000000	-31.280239	-154.439918
152.250000	-29.949435	-154.053818
152.500000	-28.489306	-153.668683
152.750000	-26.879086	-153.284512
153.000000	-25.093409	-152.901300
153.250000	-23.100974	-152.519047
153.500000	-20.862729	-152.137750
153.750000	-18.329350	-151.757405
154.000000	-15.437681	-151.378012
154.250000	-12.105604	-150.999567
154.500000	-8.224496	-150.622068
154.750000	-3.647823	-150.245513
155.000000	1.826576	-149.869899
155.250000	8.484933	-149.495224
155.500000	20.125132	-149.121486
155.750000	-45.125132	-138.748682
156.000000	-44.744170	-138.401811
156.250000	-44.348304	-138.055806
156.500000	-43.936316	-137.710667
156.750000	-43.506868	-137.366390
157.000000	-43.058476	-137.022974
157.250000	-42.589497	-136.680416
157.500000	-42.098105	-136.338715
157.750000	-41.582264	-135.997869
158.000000	-41.039696	-135.657874
158.250000	-40.467843	-135.318729
158.500000	-39.863828	-134.980432
158.750000	-39.224395	-134.642981
159.000000	-38.545851	-134.306374
159.250000	-37.823990	-133.970608
159.500000	-37.053996	-133.635681
159.750000	-36.230334	-133.301592
160.000000	-35.346606	-132.968338
160.250000	-34.395384	-132.635917
160.500000	-33.367989	-132.304328
160.750000	-32.254220	-131.973567
161.000000	-31.042012	-131.643633
161.250000	-29.716987	-131.314524
161.500000	-28.261883	-130.986238
161.750000	-26.655796	-130.658772
162.000000	-24.873185	-130.332125
162.250000	-22.882520	-130.006295
162.500000	-20.644447	-129.681279
162.750000	-18.109237	-129.357076
163.000000	-15.213184	-129.033683
163.250000	-11.873411	-128.711099
163.500000	-7.980217	-128.389321
163.750000	-3.385510	-128.068348
164.000000	2.115187	-127.748177
164.250000	8.811661	-127.428806
164.500000	22.320754	-127.110234
164.750000	-47.320754	-116.792459
165.000000	-47.044322	-116.500478
165.250000	-46.759611	-116.209227
165.500000	-46.466041	-115.918703
165.750000	-46.162986	-115.628907
166.000000	-45.849764	-115.339834
166.250000	-45.525636	-115.051485
166.500000	-45.189794	-114.763856
166.750000	-44.841359	-114.476947
167.000000	-44.479367	-114.190754
167.250000	-44.102761	-113.905277
167.500000	-43.710380	-113.620514
167.750000	-43.300943	-113.336463
168.000000	-42.873037	-113.053122
168.250000	-42.425094	-112.770489
168.500000	-41.955374	-112.488563
168.750000	-41.461939	-112.207341
169.000000	-40.942621	-111.926823
169.250000	-40.394993	-111.647006
169.500000	-39.816322	-111.367888
169.750000	-39.203524	-111.089469
170.000000	-38.553105	-110.811745
170.250000	-37.861089	-110.534716
170.500000	-37.122936	-110.258379
170.750000	-36.333435	-109.982733
171.000000	-35.486575	-109.707776
171.250000	-34.575393	-109.433506
171.500000	-33.591772	-109.159923
171.750000	-32.526197	-108.887023
172.000000	-31.367445	-108.614805
172.250000	-30.102181	-108.343268
172.500000	-28.714449	-108.072410
172.750000	-27.184998	-107.802229
173.000000	-25.490397	-107.532724
173.250000	-23.601848	-107.263892
173.500000	-21.483580	-106.995732
173.750000	-19.090634	-106.728243
174.000000	-16.365759	-106.461422
174.250000	-13.234973	-106.195269
174.500000	-9.601094	-105.929780
174.750000	-5.334060	-105.664956
175.000000	-0.256068	-105.400794
175.250000	5.881979	-105.137292
175.500000	13.439132	-104.874448
175.750000	24.564927	-104.612262
176.000000	-49.564927	-94.350732
176.250000	-49.375408	-94.114855
176.500000	-49.181993	-93.879568
176.750000	-48.984445	-93.644869
177.000000	-48.782515	-93.410756
177.250000	-48.575937	-93.177230
177.500000	-48.364429	-92.944287
177.750000	-48.147687	-92.711926
178.000000	-47.925388	-92.480146
178.250000	-47.697188	-92.248946
178.500000	-47.462715	-92.018323
178.750000	-47.221570	-91.788277
179.000000	-46.973327	-91.558807
179.250000	-46.717524	-91.329910
179.500000	-46.453662	-91.101585
179.750000	-46.181206	-90.873831
180.000000	-45.899571	-90.646646
180.250000	-45.608127	-90.420030
180.500000	-45.306188	-90.193980
180.750000	-44.993005	-89.968495
181.000000	-44.667765	-89.743574
181.250000	-44.329575	-89.519215
181.500000	-43.977460	-89.295417
181.750000	-43.610348	-89.072178
182.000000	-43.227059	-88.849498
182.250000	-42.826293	-88.627374
182.500000	-42.406611	-88.405805
182.750000	-41.966417	-88.184791
183.000000	-41.503937	-87.964329
183.250000	-41.017194	-87.744418
183.500000	-40.503976	-87.525057
183.750000	-39.961800	-87.306244
184.000000	-39.387872	-87.087979
184.250000	-38.779035	-86.870259
184.500000	-38.131708	-86.653083
184.750000	-37.441813	-86.436451
185.000000	-36.704688	-86.220359
185.250000	-35.914975	-86.004808
185.500000	-35.066493	-85.789796
185.750000	-34.152067	-85.575322
186.000000	-33.163325	-85.361384
186.250000	-32.090442	-85.147980
186.500000	-30.921812	-84.935110
186.750000	-29.643624	-84.722772
187.000000	-28.239329	-84.510966
187.250000	-26.688924	-84.299688
187.500000	-24.968015	-84.088939
187.750000	-23.046563	-83.878717
188.000000	-20.887171	-83.669020
188.250000	-18.442714	-83.459847
188.500000	-15.653019	-83.251198
188.750000	-12.440085	-83.043070
189.000000	-8.701089	-82.835462
189.250000	-4.297866	-82.628373
189.500000	0.959332	-82.421802
189.750000	7.337753	-82.215748
190.000000	15.225013	-82.010208
190.250000	26.839933	-81.805183
190.500000	-51.839933	-71.600670
190.750000	-51.717960	-71.421668
191.000000	-51.594639	-71.243114
191.250000	-51.469893	-71.065006
191.500000	-51.343638	-70.887344
191.750000	-51.215791	-70.710125
192.000000	-51.086263	-70.533350
192.250000	-50.954961	-70.357017
192.500000	-50.821790	-70.181124
192.750000	-50.686649	-70.005671
193.000000	-50.549432	-69.830657
193.250000	-50.410029	-69.656081
193.500000	-50.268323	-69.481940
193.750000	-50.124193	-69.308236
194.000000	-49.977511	-69.134965
194.250000	-49.828141	-68.962128
194.500000	-49.675942	-68.789722
194.750000	-49.520764	-68.617748
195.000000	-49.362448	-68.446204
195.250000	-49.200826	-68.275088
195.500000	-49.035721	-68.104400
195.750000	-48.866945	-67.934139
196.000000	-48.694299	-67.764304
196.250000	-48.517570	-67.594893
196.500000	-48.336533	-67.425906
196.750000	-48.150947	-67.257341
197.000000	-47.960556	-67.089198
197.250000	-47.765087	-66.921475
197.500000	-47.564247	-66.754171
197.750000	-47.357723	-66.587286
198.000000	-47.145181	-66.420818
198.250000	-46.926258	-66.254766
198.500000	-46.700569	-66.089129
198.750000	-46.467697	-65.923906
199.000000	-46.227191	-65.759096
199.250000	-45.978568	-65.594698
199.500000	-45.721302	-65.430712
199.750000	-45.454825	-65.267135
200.000000	-45.178521	-65.103967
200.250000	-44.891718	-64.941207
200.500000	-44.593687	-64.778854
200.750000	-44.283630	-64.616907
201.000000	-43.960678	-64.455365
201.250000	-43.623876	-64.294226
201.500000	-43.272175	-64.133491
201.750000	-42.904425	-63.973157
202.000000	-42.519352	-63.813224
202.250000	-42.115553	-63.653691
202.500000	-41.691468	-63.494557
202.750000	-41.245365	-63.335820
203.000000	-40.775316	-63.177481
203.250000	-40.279161	-63.019537
203.500000	-39.754480	-62.861988
203.750000	-39.198551	-62.704833
204.000000	-38.608298	-62.548071
204.250000	-37.980237	-62.391701
204.500000	-37.310403	-62.235722
204.750000	-36.594265	-62.080132
205.000000	-35.826622	-61.924932
205.250000	-35.001479	-61.770120
205.500000	-34.111885	-61.615694
205.750000	-33.149738	-61.461655
206.000000	-32.105544	-61.308001
206.250000	-30.968096	-61.154731
206.500000	-29.724088	-61.001844
206.750000	-28.357592	-60.849340
207.000000	-26.849395	-60.697216
207.250000	-25.176110	-60.545473
207.500000	-23.309000	-60.394110
207.750000	-21.212368	-60.243124
208.000000	-18.841356	-60.092516
208.250000	-16.138845	-59.942285
208.500000	-13.031039	-59.792429
208.750000	-9.421011	-59.642948
209.000000	-5.179068	-59.493841
209.250000	-0.127951	-59.345106
209.500000	5.980614	-59.196744
209.750000	13.504381	-59.048752
210.000000	29.124612	-58.901130
210.250000	-54.124612	-48.753877
210.500000	-54.049637	-48.631992
210.750000	-53.974541	-48.510412
211.000000	-53.899300	-48.389136
211.250000	-53.823890	-48.268164
211.500000	-53.748289	-48.147493
211.750000	-53.672471	-48.027124
212.000000	-53.596412	-47.907057
212.250000	-53.520088	-47.787289
212.500000	-53.443474	-47.667821
212.750000	-53.366543	-47.548651
213.000000	-53.289271	-47.429780
213.250000	-53.211631	-47.311205
213.500000	-53.133595	-47.192927
213.750000	-53.055137	-47.074945
214.000000	-52.976229	-46.957257
214.250000	-52.896841	-46.839864
214.500000	-52.816944	-46.722765
214.750000	-52.736509	-46.605958
215.000000	-52.655505	-46.489443
215.250000	-52.573900	-46.373219
215.500000	-52.491662	-46.257286
215.750000	-52.408757	-46.141643
216.000000	-52.325150	-46.026289
216.250000	-52.240808	-45.911223
216.500000	-52.155693	-45.796445
216.750000	-52.069767	-45.681954
217.000000	-51.982992	-45.567749
217.250000	-51.895328	-45.453830
217.500000	-51.806732	-45.340195
217.750000	-51.717163	-45.226845
218.000000	-51.626575	-45.113778
218.250000	-51.534923	-45.000993
218.500000	-51.442159	-44.888491
218.750000	-51.348231	-44.776269
219.000000	-51.253090	-44.664329
219.250000	-51.156681	-44.552668
219.500000	-51.058948	-44.441286
219.750000	-50.959833	-44.330183
220.000000	-50.859274	-44.219358
220.250000	-50.757209	-44.108809
220.500000	-50.653570	-43.998537
220.750000	-50.548289	-43.888541
221.000000	-50.441293	-43.778819
221.250000	-50.332506	-43.669372
221.500000	-50.221848	-43.560199
221.750000	-50.109236	-43.451298
222.000000	-49.994583	-43.342670
222.250000	-49.877796	-43.234314
222.500000	-49.758780	-43.126228
222.750000	-49.637431	-43.018412
223.000000	-49.513644	-42.910866
223.250000	-49.387305	-42.803589
223.500000	-49.258296	-42.696580
223.750000	-49.126491	-42.589839
224.000000	-48.991757	-42.483364
224.250000	-48.853955	-42.377156
224.500000	-48.712936	-42.271213
224.750000	-48.568542	-42.165535
225.000000	-48.420608	-42.060121
225.250000	-48.268956	-41.954970
225.500000	-48.113399	-41.850083
225.750000	-47.953735	-41.745458
226.000000	-47.789754	-41.641094
226.250000	-47.621227	-41.536991
226.500000	-47.447913	-41.433149
226.750000	-47.269554	-41.329566
227.000000	-47.085872	-41.226242
227.250000	-46.896573	-41.123177
227.500000	-46.701338	-41.020369
227.750000	-46.499827	-40.917818
228.000000	-46.291674	-40.815523
228.250000	-46.076484	-40.713484
228.500000	-45.853834	-40.611701
228.750000	-45.623265	-40.510171
229.000000	-45.384281	-40.408896
229.250000	-45.136346	-40.307874
229.500000	-44.878877	-40.207104
229.750000	-44.611244	-40.106586
230.000000	-44.332758	-40.006320
230.250000	-44.042670	-39.906304
230.500000	-43.740161	-39.806538
230.750000	-43.424335	-39.707022
231.000000	-43.094210	-39.607754
231.250000	-42.748704	-39.508735
231.500000	-42.386630	-39.409963
231.750000	-42.006673	-39.311438
232.000000	-41.607381	-39.213160
232.250000	-41.187140	-39.115127
232.500000	-40.744156	-39.017339
232.750000	-40.276426	-38.919796
233.000000	-39.781709	-38.822496
233.250000	-39.257488	-38.725440
233.500000	-38.700928	-38.628626
233.750000	-38.108822	-38.532055
234.000000	-37.477534	-38.435725
234.250000	-36.802915	-38.339635
234.500000	-36.080223	-38.243786
234.750000	-35.304002	-38.148177
235.000000	-34.467952	-38.052806
235.250000	-33.564756	-37.957674
235.500000	-32.585870	-37.862780
235.750000	-31.521255	-37.768123
236.000000	-30.359042	-37.673703
236.250000	-29.085096	-37.579519
236.500000	-27.682457	-37.485570
236.750000	-26.130604	-37.391856
237.000000	-24.404480	-37.298376
237.250000	-22.473186	-37.205130
237.500000	-20.298192	-37.112117
237.750000	-17.830871	-37.019337
238.000000	-15.009008	-36.926789
238.250000	-11.751791	-36.834472
238.500000	-7.952433	-36.742386
238.750000	-3.467057	-36.650530
239.000000	1.902544	-36.558903
239.250000	8.436542	-36.467506
239.500000	16.543016	-36.376337
239.750000	31.380532	-36.285396
240.000000	-56.380532	-26.194683
240.250000	-56.331477	-26.129196
240.500000	-56.282769	-26.063873
240.750000	-56.234399	-25.998714
241.000000	-56.186353	-25.933717
241.250000	-56.138621	-25.868883
241.500000	-56.091192	-25.804210
241.750000	-56.044055	-25.739700
242.000000	-55.997200	-25.675351
242.250000	-55.950617	-25.611162
242.500000	-55.904296	-25.547134
242.750000	-55.858227	-25.483266
243.000000	-55.812399	-25.419558
243.250000	-55.766805	-25.356009
243.500000	-55.721434	-25.292619
243.750000	-55.676277	-25.229388
244.000000	-55.631326	-25.166314
244.250000	-55.586571	-25.103399
244.500000	-55.542003	-25.040640
244.750000	-55.497615	-24.978038
245.000000	-55.453397	-24.915593
245.250000	-55.409342	-24.853304
245.500000	-55.365440	-24.791171
245.750000	-55.321684	-24.729193
246.000000	-55.278065	-24.667370
246.250000	-55.234577	-24.605702
246.500000	-55.191209	-24.544188
246.750000	-55.147956	-24.482827
247.000000	-55.104809	-24.421620
247.250000	-55.061760	-24.360566
247.500000	-55.018801	-24.299664
247.750000	-54.975926	-24.238915
248.000000	-54.933126	-24.178318
248.250000	-54.890394	-24.117872
248.500000	-54.847723	-24.057578
248.750000	-54.805105	-23.997434
249.000000	-54.762532	-23.937440
249.250000	-54.719997	-23.877596
249.500000	-54.677494	-23.817902
249.750000	-54.635013	-23.758358
250.000000	-54.592549	-23.698962
250.250000	-54.550093	-23.639714
250.500000	-54.507639	-23.580615
250.750000	-54.465178	-23.521664
251.000000	-54.422704	-23.462859
251.250000	-54.380209	-23.404202
251.500000	-54.337685	-23.345692
251.750000	-54.295126	-23.287328
252.000000	-54.252523	-23.229109
252.250000	-54.209869	-23.171036
252.500000	-54.167157	-23.113109
252.750000	-54.124378	-23.055326
253.000000	-54.081525	-22.997688
253.250000	-54.038591	-22.940194
253.500000	-53.995567	-22.882843
253.750000	-53.952446	-22.825636
254.000000	-53.909219	-22.768572
254.250000	-53.865879	-22.711650
254.500000	-53.822417	-22.654871
254.750000	-53.778825	-22.598234
255.000000	-53.735095	-22.541739
255.250000	-53.691217	-22.485384
255.500000	-53.647185	-22.429171
255.750000	-53.602988	-22.373098
256.000000	-53.558618	-22.317165
256.250000	-53.514067	-22.261372
256.500000	-53.469324	-22.205719
256.750000	-53.424381	-22.150204
257.000000	-53.379228	-22.094829
257.250000	-53.333856	-22.039592
257.500000	-53.288254	-21.984493
257.750000	-53.242413	-21.929532
258.000000	-53.196323	-21.874708
258.250000	-53.149973	-21.820021
258.500000	-53.103353	-21.765471
258.750000	-53.056452	-21.711057
259.000000	-53.009258	-21.656780
259.250000	-52.961761	-21.602638
259.500000	-52.913949	-21.548631
259.750000	-52.865810	-21.494760
260.000000	-52.817332	-21.441023
260.250000	-52.768503	-21.387420
260.500000	-52.719309	-21.333952
260.750000	-52.669739	-21.280617
261.000000	-52.619778	-21.227415
261.250000	-52.569413	-21.174347
261.500000	-52.518629	-21.121411
261.750000	-52.467413	-21.068607
262.000000	-52.415749	-21.015936
262.250000	-52.363623	-20.963396
262.500000	-52.311017	-20.910987
262.750000	-52.257917	-20.858710
263.000000	-52.204306	-20.806563
263.250000	-52.150166	-20.754547
263.500000	-52.095480	-20.702660
263.750000	-52.040229	-20.650904
264.000000	-51.984395	-20.599276
264.250000	-51.927958	-20.547778
264.500000	-51.870898	-20.496409
264.750000	-51.813195	-20.445168
265.000000	-51.754827	-20.394055
265.250000	-51.695772	-20.343070
265.500000	-51.636008	-20.292212
265.750000	-51.575510	-20.241481
266.000000	-51.514253	-20.190878
266.250000	-51.452214	-20.140401
266.500000	-51.389365	-20.090050
266.750000	-51.325679	-20.039824
267.000000	-51.261128	-19.989725
267.250000	-51.195682	-19.939751
267.500000	-51.129312	-19.889901
267.750000	-51.061985	-19.840176
268.000000	-50.993669	-19.790576
268.250000	-50.924330	-19.741100
268.500000	-50.853931	-19.691747
268.750000	-50.782437	-19.642517
269.000000	-50.709808	-19.593411
269.250000	-50.636004	-19.544428
269.500000	-50.560985	-19.495567
269.750000	-50.484706	-19.446828
270.000000	-50.407122	-19.398211
270.250000	-50.328185	-19.349715
270.500000	-50.247846	-19.301341
270.750000	-50.166053	-19.253087
271.000000	-50.082753	-19.204955
271.250000	-49.997888	-19.156942
271.500000	-49.911400	-19.109050
271.750000	-49.823226	-19.061277
272.000000	-49.733301	-19.013624
272.250000	-49.641558	-18.966090
272.500000	-49.547924	-18.918675
272.750000	-49.452326	-18.871378
273.000000	-49.354683	-18.824200
273.250000	-49.254914	-18.777139
273.500000	-49.152930	-18.730196
273.750000	-49.048641	-18.683371
274.000000	-48.941949	-18.636662
274.250000	-48.832754	-18.590071
274.500000	-48.720946	-18.543596
274.750000	-48.606414	-18.497237
275.000000	-48.489036	-18.450994
275.250000	-48.368687	-18.404866
275.500000	-48.245232	-18.358854
275.750000	-48.118530	-18.312957
276.000000	-47.988430	-18.267174
276.250000	-47.854771	-18.221506
276.500000	-47.717386	-18.175953
276.750000	-47.576093	-18.130513
277.000000	-47.430701	-18.085187
277.250000	-47.281006	-18.039974
277.500000	-47.126790	-17.994874
277.750000	-46.967822	-17.949886
278.000000	-46.803853	-17.905012
278.250000	-46.634618	-17.860249
278.500000	-46.459833	-17.815599
278.750000	-46.279195	-17.771060
279.000000	-46.092376	-17.726632
279.250000	-45.899026	-17.682315
279.500000	-45.698768	-17.638110
279.750000	-45.491195	-17.594014
280.000000	-45.275867	-17.550029
280.250000	-45.052312	-17.506154
280.500000	-44.820017	-17.462389
280.750000	-44.578425	-17.418733
281.000000	-44.326933	-17.375186
281.250000	-44.064885	-17.331748
281.500000	-43.791567	-17.288419
281.750000	-43.506198	-17.245198
282.000000	-43.207927	-17.202085
282.250000	-42.895818	-17.159079
282.500000	-42.568847	-17.116182
282.750000	-42.225885	-17.073391
283.000000	-41.865687	-17.030708
283.250000	-41.486878	-16.988131
283.500000	-41.087934	-16.945661
283.750000	-40.667161	-16.903296
284.000000	-40.222671	-16.861038
284.250000	-39.752356	-16.818886
284.500000	-39.253851	-16.776838
284.750000	-38.724498	-16.734896
285.000000	-38.161295	-16.693059
285.250000	-37.560845	-16.651326
285.500000	-36.919282	-16.609698
285.750000	-36.232195	-16.568174
286.000000	-35.494524	-16.526753
286.250000	-34.700439	-16.485437
286.500000	-33.843187	-16.444223
286.750000	-32.914911	-16.403112
287.000000	-31.906404	-16.362105
287.250000	-30.806824	-16.321199
287.500000	-29.603302	-16.280396
287.750000	-28.280467	-16.239695
288.000000	-26.819801	-16.199096
288.250000	-25.198805	-16.158598
288.500000	-23.389884	-16.118202
288.750000	-21.358838	-16.077906
289.000000	-19.062785	-16.037712
289.250000	-16.447271	-15.997617
289.500000	-13.442148	-15.957623
289.750000	-9.955591	-15.917729
290.000000	-5.865196	-15.877935
290.250000	-1.004390	-15.838240
290.500000	4.858959	-15.798645
290.750000	12.057398	-15.759148
291.000000	21.082986	-15.719750
291.250000	33.435875	-15.680451
291.500000	-58.435875	-5.641250
291.750000	-58.392713	-5.627146
292.000000	-58.350158	-5.613079
292.250000	-58.308195	-5.599046
292.500000	-58.266807	-5.585048
292.750000	-58.225982	-5.571086
293.000000	-58.185704	-5.557158
293.250000	-58.145960	-5.543265
293.500000	-58.106737	-5.529407
293.750000	-58.068022	-5.515583
294.000000	-58.029802	-5.501794
294.250000	-57.992065	-5.488040
294.500000	-57.954800	-5.474320
294.750000	-57.917996	-5.460634
295.000000	-57.881640	-5.446982
295.250000	-57.845724	-5.433365
295.500000	-57.810236	-5.419782
295.750000	-57.775166	-5.406232
296.000000	-57.740506	-5.392716
296.250000	-57.706244	-5.379235
296.500000	-57.672372	-5.365787
296.750000	-57.638882	-5.352372
297.000000	-57.605764	-5.338991
297.250000	-57.573010	-5.325644
297.500000	-57.540613	-5.312330
297.750000	-57.508563	-5.299049
298.000000	-57.476853	-5.285801
298.250000	-57.445476	-5.272587
298.500000	-57.414425	-5.259405
298.750000	-57.383692	-5.246257
299.000000	-57.353270	-5.233141
299.250000	-57.323153	-5.220058
299.500000	-57.293334	-5.207008
299.750000	-57.263806	-5.193991
300.000000	-57.234564	-5.181006
300.250000	-57.205601	-5.168053
300.500000	-57.176912	-5.155133
300.750000	-57.148490	-5.142245
301.000000	-57.120330	-5.129389
301.250000	-57.092427	-5.116566
301.500000	-57.064775	-5.103775
301.750000	-57.037368	-5.091015
302.000000	-57.010203	-5.078288
302.250000	-56.983273	-5.065592
302.500000	-56.956574	-5.052928
302.750000	-56.930102	-5.040296
303.000000	-56.903851	-5.027695
303.250000	-56.877817	-5.015126
303.500000	-56.851996	-5.002588
303.750000	-56.826383	-4.990081
304.000000	-56.800974	-4.977606
304.250000	-56.775765	-4.965162
304.500000	-56.750752	-4.952749
304.750000	-56.725930	-4.940367
305.000000	-56.701297	-4.928016
305.250000	-56.676848	-4.915696
305.500000	-56.652580	-4.903407
305.750000	-56.628489	-4.891149
306.000000	-56.604571	-4.878921
306.250000	-56.580823	-4.866723
306.500000	-56.557242	-4.854557
306.750000	-56.533823	-4.842420
307.000000	-56.510565	-4.830314
307.250000	-56.487464	-4.818238
307.500000	-56.464516	-4.806193
307.750000	-56.441718	-4.794177
308.000000	-56.419068	-4.782192
308.250000	-56.396563	-4.770236
308.500000	-56.374200	-4.758311
308.750000	-56.351975	-4.746415
309.000000	-56.329886	-4.734549
309.250000	-56.307931	-4.722713
309.500000	-56.286106	-4.710906
309.750000	-56.264409	-4.699129
310.000000	-56.242838	-4.687381
310.250000	-56.221389	-4.675662
310.500000	-56.200061	-4.663973
310.750000	-56.178851	-4.652313
311.000000	-56.157756	-4.640682
311.250000	-56.136775	-4.629081
311.500000	-56.115904	-4.617508
311.750000	-56.095141	-4.605964
312.000000	-56.074485	-4.594449
312.250000	-56.053933	-4.582963
312.500000	-56.033483	-4.571506
312.750000	-56.013132	-4.560077
313.000000	-55.992879	-4.548677
313.250000	-55.972722	-4.537305
313.500000	-55.952658	-4.525962
313.750000	-55.932685	-4.514647
314.000000	-55.912802	-4.503360
314.250000	-55.893007	-4.492102
314.500000	-55.873297	-4.480872
314.750000	-55.853670	-4.469670
315.000000	-55.834126	-4.458495
315.250000	-55.814661	-4.447349
315.500000	-55.795274	-4.436231
315.750000	-55.775964	-4.425140
316.000000	-55.756729	-4.414077
316.250000	-55.737566	-4.403042
316.500000	-55.718474	-4.392035
316.750000	-55.699451	-4.381054
317.000000	-55.680497	-4.370102
317.250000	-55.661608	-4.359177
317.500000	-55.642783	-4.348279
317.750000	-55.624022	-4.337408
318.000000	-55.605321	-4.326564
318.250000	-55.586680	-4.315748
318.500000	-55.568097	-4.304959
318.750000	-55.549570	-4.294196
319.000000	-55.531099	-4.283461
319.250000	-55.512680	-4.272752
319.500000	-55.494313	-4.262070
319.750000	-55.475997	-4.251415
320.000000	-55.457730	-4.240786
320.250000	-55.439510	-4.230185
320.500000	-55.421336	-4.219609
320.750000	-55.403206	-4.209060
321.000000	-55.385120	-4.198537
321.250000	-55.367075	-4.188041
321.500000	-55.349070	-4.177571
321.750000	-55.331105	-4.167127
322.000000	-55.313176	-4.156709
322.250000	-55.295284	-4.146317
322.500000	-55.277427	-4.135952
322.750000	-55.259603	-4.125612
323.000000	-55.241811	-4.115298
323.250000	-55.224050	-4.105009
323.500000	-55.206319	-4.094747
323.750000	-55.188615	-4.084510
324.000000	-55.170938	-4.074299
324.250000	-55.153287	-4.064113
324.500000	-55.135660	-4.053953
324.750000	-55.118056	-4.043818
325.000000	-55.100473	-4.033708
325.250000	-55.082911	-4.023624
325.500000	-55.065367	-4.013565
325.750000	-55.047842	-4.003531
326.000000	-55.030333	-3.993522
326.250000	-55.012839	-3.983538
326.500000	-54.995359	-3.973580
326.750000	-54.977892	-3.963646
327.000000	-54.960437	-3.953737
327.250000	-54.942992	-3.943852
327.500000	-54.925555	-3.933993
327.750000	-54.908127	-3.924158
328.000000	-54.890705	-3.914347
328.250000	-54.873288	-3.904561
328.500000	-54.855875	-3.894800
328.750000	-54.838465	-3.885063
329.000000	-54.821056	-3.875350
329.250000	-54.803648	-3.865662
329.500000	-54.786239	-3.855998
329.750000	-54.768828	-3.846358
330.000000	-54.751413	-3.836742
330.250000	-54.733993	-3.827150
330.500000	-54.716568	-3.817582
330.750000	-54.699135	-3.808038
331.000000	-54.681694	-3.798518
331.250000	-54.664243	-3.789022
331.500000	-54.646782	-3.779549
331.750000	-54.629308	-3.770100
332.000000	-54.611820	-3.760675
332.250000	-54.594318	-3.751273
332.500000	-54.576800	-3.741895
332.750000	-54.559264	-3.732541
333.000000	-54.541710	-3.723209
333.250000	-54.524136	-3.713901
333.500000	-54.506541	-3.704616
333.750000	-54.488923	-3.695355
334.000000	-54.471281	-3.686116
334.250000	-54.453615	-3.676901
334.500000	-54.435921	-3.667709
334.750000	-54.418200	-3.658540
335.000000	-54.400450	-3.649393
335.250000	-54.382670	-3.640270
335.500000	-54.364857	-3.631169
335.750000	-54.347011	-3.622091
336.000000	-54.329131	-3.613036
336.250000	-54.311214	-3.604003
336.500000	-54.293261	-3.594993
336.750000	-54.275268	-3.586006
337.000000	-54.257235	-3.577041
337.250000	-54.239160	-3.568098
337.500000	-54.221042	-3.559178
337.750000	-54.202880	-3.550280
338.000000	-54.184671	-3.541404
338.250000	-54.166415	-3.532551
338.500000	-54.148109	-3.523720
338.750000	-54.129753	-3.514910
339.000000	-54.111345	-3.506123
339.250000	-54.092883	-3.497358
339.500000	-54.074366	-3.488614
339.750000	-54.055791	-3.479893
340.000000	-54.037158	-3.471193
340.250000	-54.018465	-3.462515
340.500000	-53.999710	-3.453859
340.750000	-53.980892	-3.445224
341.000000	-53.962008	-3.436611
341.250000	-53.943057	-3.428019
341.500000	-53.924038	-3.419449
341.750000	-53.904948	-3.410901
342.000000	-53.885786	-3.402374
342.250000	-53.866551	-3.393868
342.500000	-53.847239	-3.385383
342.750000	-53.827849	-3.376919
343.000000	-53.808380	-3.368477
343.250000	-53.788830	-3.360056
343.500000	-53.769196	-3.351656
343.750000	-53.749477	-3.343277
344.000000	-53.729670	-3.334919
344.250000	-53.709774	-3.326581
344.500000	-53.689786	-3.318265
344.750000	-53.669705	-3.309969
345.000000	-53.649528	-3.301694
345.250000	-53.629253	-3.293440
345.500000	-53.608879	-3.285206
345.750000	-53.588402	-3.276993
346.000000	-53.567820	-3.268801
346.250000	-53.547132	-3.260629
346.500000	-53.526335	-3.252477
346.750000	-53.505426	-3.244346
347.000000	-53.484403	-3.236235
347.250000	-53.463263	-3.228145
347.500000	-53.442005	-3.220074
347.750000	-53.420625	-3.212024
348.000000	-53.399121	-3.203994
348.250000	-53.377491	-3.195984
348.500000	-53.355731	-3.187994
348.750000	-53.333839	-3.180024
349.000000	-53.311811	-3.172074
349.250000	-53.289646	-3.164144
349.500000	-53.267340	-3.156233
349.750000	-53.244891	-3.148343
350.000000	-53.222295	-3.140472
350.250000	-53.199549	-3.132621
350.500000	-53.176650	-3.124789
350.750000	-53.153594	-3.116977
351.000000	-53.130380	-3.109185
351.250000	-53.107002	-3.101412
351.500000	-53.083459	-3.093658
351.750000	-53.059745	-3.085924
352.000000	-53.035859	-3.078209
352.250000	-53.011795	-3.070514
352.500000	-52.987551	-3.062838
352.750000	-52.963123	-3.055181
353.000000	-52.938506	-3.047543
353.250000	-52.913697	-3.039924
353.500000	-52.888692	-3.032324
353.750000	-52.863486	-3.024743
354.000000	-52.838076	-3.017181
354.250000	-52.812457	-3.009638
354.500000	-52.786624	-3.002114
354.750000	-52.760573	-2.994609
355.000000	-52.734300	-2.987122
355.250000	-52.707799	-2.979655
355.500000	-52.681066	-2.972205
355.750000	-52.654096	-2.964775
356.000000	-52.626884	-2.957363
356.250000	-52.599423	-2.949970
356.500000	-52.571711	-2.942595
356.750000	-52.543739	-2.935238
357.000000	-52.515504	-2.927900
357.250000	-52.486998	-2.920580
357.500000	-52.458217	-2.913279
357.750000	-52.429154	-2.905996
358.000000	-52.399803	-2.898731
358.250000	-52.370158	-2.891484
358.500000	-52.340211	-2.884255
358.750000	-52.309957	-2.877045
359.000000	-52.279388	-2.869852
359.250000	-52.248497	-2.862677
359.500000	-52.217277	-2.855521
359.750000	-52.185721	-2.848382
360.000000	-52.153820	-2.841261
360.250000	-52.121567	-2.834158
360.500000	-52.088954	-2.827072
360.750000	-52.055971	-2.820005
361.000000	-52.022612	-2.812955
361.250000	-51.988866	-2.805922
361.500000	-51.954725	-2.798907
361.750000	-51.920179	-2.791910
362.000000	-51.885218	-2.784930
362.250000	-51.849833	-2.777968
362.500000	-51.814014	-2.771023
362.750000	-51.777749	-2.764096
363.000000	-51.741028	-2.757185
363.250000	-51.703840	-2.750292
363.500000	-51.666172	-2.743417
363.750000	-51.628014	-2.736558
364.000000	-51.589353	-2.729717
364.250000	-51.550176	-2.722892
364.500000	-51.510470	-2.716085
364.750000	-51.470221	-2.709295
365.000000	-51.429416	-2.702522
365.250000	-51.388039	-2.695765
365.500000	-51.346077	-2.689026
365.750000	-51.303514	-2.682303
366.000000	-51.260333	-2.675598
366.250000	-51.216518	-2.668909
366.500000	-51.172052	-2.662236
366.750000	-51.126918	-2.655581
367.000000	-51.081097	-2.648942
367.250000	-51.034570	-2.642320
367.500000	-50.987318	-2.635714
367.750000	-50.939320	-2.629124
368.000000	-50.890556	-2.622552
368.250000	-50.841003	-2.615995
368.500000	-50.790638	-2.609455
368.750000	-50.739439	-2.602932
369.000000	-50.687380	-2.596424
369.250000	-50.634437	-2.589933
369.500000	-50.580584	-2.583458
369.750000	-50.525792	-2.577000
370.000000	-50.470034	-2.570557
370.250000	-50.413279	-2.564131
370.500000	-50.355498	-2.557721
370.750000	-50.296658	-2.551326
371.000000	-50.236726	-2.544948
371.250000	-50.175667	-2.538586
371.500000	-50.113446	-2.532239
371.750000	-50.050024	-2.525908
372.000000	-49.985362	-2.519594
372.250000	-49.919419	-2.513295
372.500000	-49.852153	-2.507011
372.750000	-49.783518	-2.500744
373.000000	-49.713469	-2.494492
373.250000	-49.641956	-2.488256
373.500000	-49.568928	-2.482035
373.750000	-49.494333	-2.475830
374.000000	-49.418113	-2.469641
374.250000	-49.340211	-2.463466
374.500000	-49.260566	-2.457308
374.750000	-49.179112	-2.451165
375.000000	-49.095782	-2.445037
375.250000	-49.010506	-2.438924
375.500000	-48.923210	-2.432827
375.750000	-48.833814	-2.426745
376.000000	-48.742237	-2.420678
376.250000	-48.648392	-2.414626
376.500000	-48.552188	-2.408590
376.750000	-48.453528	-2.402568
377.000000	-48.352313	-2.396562
377.250000	-48.248433	-2.390570
377.500000	-48.141778	-2.384594
377.750000	-48.032227	-2.378632
378.000000	-47.919654	-2.372686
378.250000	-47.803925	-2.366754
378.500000	-47.684900	-2.360837
378.750000	-47.562427	-2.354935
379.000000	-47.436349	-2.349048
379.250000	-47.306495	-2.343175
379.500000	-47.172686	-2.337317
379.750000	-47.034730	-2.331474
380.000000	-46.892425	-2.325645
380.250000	-46.745552	-2.319831
380.500000	-46.593881	-2.314031
380.750000	-46.437163	-2.308246
381.000000	-46.275133	-2.302476
381.250000	-46.107508	-2.296720
381.500000	-45.933984	-2.290978
381.750000	-45.754235	-2.285250
382.000000	-45.567911	-2.279537
382.250000	-45.374633	-2.273838
382.500000	-45.173995	-2.268154
382.750000	-44.965559	-2.262483
383.000000	-44.748851	-2.256827
383.250000	-44.523358	-2.251185
383.500000	-44.288524	-2.245557
383.750000	-44.043745	-2.239943
384.000000	-43.788366	-2.234343
384.250000	-43.521672	-2.228758
384.500000	-43.242882	-2.223186
384.750000	-42.951143	-2.217628
385.000000	-42.645521	-2.212084
385.250000	-42.324990	-2.206553
385.500000	-41.988420	-2.201037
385.750000	-41.634566	-2.195534
386.000000	-41.262052	-2.190046
386.250000	-40.869352	-2.184570
386.500000	-40.454771	-2.179109
386.750000	-40.016420	-2.173661
387.000000	-39.552187	-2.168227
387.250000	-39.059707	-2.162807
387.500000	-38.536318	-2.157400
387.750000	-37.979015	-2.152006
388.000000	-37.384397	-2.146626
388.250000	-36.748595	-2.141259
388.500000	-36.067191	-2.135906
388.750000	-35.335119	-2.130567
389.000000	-34.546540	-2.125240
389.250000	-33.694696	-2.119927
389.500000	-32.771714	-2.114627
389.750000	-31.768377	-2.109341
390.000000	-30.673824	-2.104067
390.250000	-29.475168	-2.098807
390.500000	-28.157011	-2.093560
390.750000	-26.700802	-2.088326
391.000000	-25.084002	-2.083105
391.250000	-23.278964	-2.077898
391.500000	-21.251419	-2.072703
391.750000	-18.958394	-2.067521
392.000000	-16.345315	-2.062352
392.250000	-13.341868	-2.057196
392.500000	-9.855997	-2.052053
392.750000	-5.764969	-2.046923
393.000000	-0.901734	-2.041806
393.250000	4.966563	-2.036702
393.500000	12.173586	-2.031610
393.750000	21.213207	-2.026531
394.000000	34.798359	-2.021464
394.250000	-59.798359	7.983589
394.500000	-59.749790	7.963630
394.750000	-59.702123	7.943721
395.000000	-59.655333	7.923862
395.250000	-59.609394	7.904052
395.500000	-59.564281	7.884292
395.750000	-59.519971	7.864581
396.000000	-59.476441	7.844920
396.250000	-59.433670	7.825308
396.500000	-59.391637	7.805744
396.750000	-59.350321	7.786230
397.000000	-59.309704	7.766764
397.250000	-59.269765	7.747348
397.500000	-59.230487	7.727979
397.750000	-59.191853	7.708659
398.000000	-59.153846	7.689388
398.250000	-59.116449	7.670164
398.500000	-59.079646	7.650989
398.750000	-59.043423	7.631861
399.000000	-59.007764	7.612782
399.250000	-58.972656	7.593750
399.500000	-58.938084	7.574765
399.750000	-58.904035	7.555828
400.000000	-58.870497	7.536939
400.250000	-58.837457	7.518096
400.500000	-58.804902	7.499301
400.750000	-58.772822	7.480553
401.000000	-58.741204	7.461852
401.250000	-58.710038	7.443197
401.500000	-58.679314	7.424589
401.750000	-58.649020	7.406027
402.000000	-58.619146	7.387512
402.250000	-58.589684	7.369044
402.500000	-58.560624	7.350621
402.750000	-58.531956	7.332244
403.000000	-58.503672	7.313914
403.250000	-58.475763	7.295629
403.500000	-58.448221	7.277390
403.750000	-58.421037	7.259196
404.000000	-58.394204	7.241048
404.250000	-58.367714	7.222946
404.500000	-58.341560	7.204888
404.750000	-58.315734	7.186876
405.000000	-58.290229	7.168909
405.250000	-58.265039	7.150987
405.500000	-58.240157	7.133109
405.750000	-58.215576	7.115277
406.000000	-58.191290	7.097488
406.250000	-58.167294	7.079745
406.500000	-58.143580	7.062045
406.750000	-58.120143	7.044390
407.000000	-58.096978	7.026779
407.250000	-58.074079	7.009212
407.500000	-58.051440	6.991689
407.750000	-58.029058	6.974210
408.000000	-58.006925	6.956774
408.250000	-57.985038	6.939383
408.500000	-57.963391	6.922034
408.750000	-57.941980	6.904729
409.000000	-57.920801	6.887467
409.250000	-57.899848	6.870249
409.500000	-57.879117	6.853073
409.750000	-57.858605	6.835940
410.000000	-57.838307	6.818850
410.250000	-57.818218	6.801803
410.500000	-57.798336	6.784799
410.750000	-57.778656	6.767837
411.000000	-57.759173	6.750917
411.250000	-57.739886	6.734040
411.500000	-57.720790	6.717205
411.750000	-57.701881	6.700412
412.000000	-57.683156	6.683661
412.250000	-57.664612	6.666952
412.500000	-57.646245	6.650284
412.750000	-57.628053	6.633658
413.000000	-57.610032	6.617074
413.250000	-57.592178	6.600532
413.500000	-57.574490	6.584030
413.750000	-57.556964	6.567570
414.000000	-57.539598	6.551151
414.250000	-57.522387	6.534773
414.500000	-57.505331	6.518436
414.750000	-57.488426	6.502140
415.000000	-57.471669	6.485885
415.250000	-57.455058	6.469670
415.500000	-57.438590	6.453496
415.750000	-57.422264	6.437362
416.000000	-57.406076	6.421269
416.250000	-57.390024	6.405216
416.500000	-57.374106	6.389203
416.750000	-57.358320	6.373230
417.000000	-57.342663	6.357297
417.250000	-57.327134	6.341403
417.500000	-57.311729	6.325550
417.750000	-57.296448	6.309736
418.000000	-57.281288	6.293962
418.250000	-57.266247	6.278227
418.500000	-57.251323	6.262531
418.750000	-57.236514	6.246875
419.000000	-57.221819	6.231258
419.250000	-57.207235	6.215680
419.500000	-57.192761	6.200140
419.750000	-57.178394	6.184640
420.000000	-57.164134	6.169178
420.250000	-57.149979	6.153756
420.500000	-57.135926	6.138371
420.750000	-57.121975	6.123025
421.000000	-57.108123	6.107718
421.250000	-57.094369	6.092448
421.500000	-57.080712	6.077217
421.750000	-57.067150	6.062024
422.000000	-57.053681	6.046869
422.250000	-57.040305	6.031752
422.500000	-57.027019	6.016673
422.750000	-57.013822	6.001631
423.000000	-57.000713	5.986627
423.250000	-56.987690	5.971660
423.500000	-56.974753	5.956731
423.750000	-56.961900	5.941839
424.000000	-56.949129	5.926985
424.250000	-56.936440	5.912167
424.500000	-56.923830	5.897387
424.750000	-56.911300	5.882643
425.000000	-56.898847	5.867937
425.250000	-56.886471	5.853267
425.500000	-56.874170	5.838634
425.750000	-56.861943	5.824037
426.000000	-56.849789	5.809477
426.250000	-56.837708	5.794953
426.500000	-56.825697	5.780466
426.750000	-56.813756	5.766015
427.000000	-56.801884	5.751600
427.250000	-56.790080	5.737221
427.500000	-56.778343	5.722878
427.750000	-56.766672	5.708571
428.000000	-56.755065	5.694299
428.250000	-56.743522	5.680063
428.500000	-56.732043	5.665863
428.750000	-56.720625	5.651699
429.000000	-56.709269	5.637569
429.250000	-56.697972	5.623475
429.500000	-56.686736	5.609417
429.750000	-56.675557	5.595393
430.000000	-56.664436	5.581405
430.250000	-56.653372	5.567451
430.500000	-56.642364	5.553532
430.750000	-56.631412	5.539649
431.000000	-56.620513	5.525800
431.250000	-56.609668	5.511985
431.500000	-56.598876	5.498205
431.750000	-56.588136	5.484460
432.000000	-56.577447	5.470748
432.250000	-56.566809	5.457072
432.500000	-56.556221	5.443429
432.750000	-56.545681	5.429820
433.000000	-56.535190	5.416246
433.250000	-56.524747	5.402705
433.500000	-56.514351	5.389198
433.750000	-56.504001	5.375725
434.000000	-56.493696	5.362286
434.250000	-56.483437	5.348880
434.500000	-56.473222	5.335508
434.750000	-56.463051	5.322169
435.000000	-56.452922	5.308864
435.250000	-56.442836	5.295592
435.500000	-56.432792	5.282353
435.750000	-56.422789	5.269147
436.000000	-56.412827	5.255974
436.250000	-56.402905	5.242834
436.500000	-56.393022	5.229727
436.750000	-56.383178	5.216653
437.000000	-56.373373	5.203611
437.250000	-56.363605	5.190602
437.500000	-56.353874	5.177626
437.750000	-56.344181	5.164681
438.000000	-56.334523	5.151770
438.250000	-56.324901	5.138890
438.500000	-56.315313	5.126043
438.750000	-56.305761	5.113228
439.000000	-56.296242	5.100445
439.250000	-56.286757	5.087694
439.500000	-56.277306	5.074975
439.750000	-56.267886	5.062287
440.000000	-56.258499	5.049631
440.250000	-56.249143	5.037007
440.500000	-56.239819	5.024415
440.750000	-56.230525	5.011854
441.000000	-56.221262	4.999324
441.250000	-56.212028	4.986826
441.500000	-56.202823	4.974359
441.750000	-56.193648	4.961923
442.000000	-56.184501	4.949518
442.250000	-56.175381	4.937144
442.500000	-56.166290	4.924801
442.750000	-56.157225	4.912489
443.000000	-56.148188	4.900208
443.250000	-56.139176	4.887958
443.500000	-56.130191	4.875738
443.750000	-56.121231	4.863548
444.000000	-56.112296	4.851390
444.250000	-56.103386	4.839261
444.500000	-56.094500	4.827163
444.750000	-56.085638	4.815095
445.000000	-56.076800	4.803057
445.250000	-56.067984	4.791050
445.500000	-56.059192	4.779072
445.750000	-56.050422	4.767124
446.000000	-56.041674	4.755207
446.250000	-56.032948	4.743319
446.500000	-56.024243	4.731460
446.750000	-56.015559	4.719632
447.000000	-56.006896	4.707833
447.250000	-55.998253	4.696063
447.500000	-55.989630	4.684323
447.750000	-55.981027	4.672612
448.000000	-55.972443	4.660930
448.250000	-55.963878	4.649278
448.500000	-55.955331	4.637655
448.750000	-55.946803	4.626061
449.000000	-55.938293	4.614496
449.250000	-55.929800	4.602959
449.500000	-55.921325	4.591452
449.750000	-55.912866	4.579973
450.000000	-55.904425	4.568523
450.250000	-55.895999	4.557102
450.500000	-55.887590	4.545709
450.750000	-55.879197	4.534345
451.000000	-55.870819	4.523009
451.250000	-55.862456	4.511702
451.500000	-55.854108	4.500422
451.750000	-55.845774	4.489171
452.000000	-55.837455	4.477948
452.250000	-55.829150	4.466754
452.500000	-55.820858	4.455587
452.750000	-55.812580	4.444448
453.000000	-55.804315	4.433337
453.250000	-55.796063	4.422253
453.500000	-55.787823	4.411198
453.750000	-55.779596	4.400170
454.000000	-55.771381	4.389169
454.250000	-55.763177	4.378196
454.500000	-55.754985	4.367251
454.750000	-55.746804	4.356333
455.000000	-55.738634	4.345442
455.250000	-55.730475	4.334578
455.500000	-55.722326	4.323742
455.750000	-55.714187	4.312932
456.000000	-55.706058	4.302150
456.250000	-55.697939	4.291395
456.500000	-55.689829	4.280666
456.750000	-55.681728	4.269965
457.000000	-55.673636	4.259290
457.250000	-55.665552	4.248641
457.500000	-55.657477	4.238020
457.750000	-55.649410	4.227425
458.000000	-55.641351	4.216856
458.250000	-55.633299	4.206314
458.500000	-55.625255	4.195798
458.750000	-55.617218	4.185309
459.000000	-55.609188	4.174846
459.250000	-55.601164	4.164408
459.500000	-55.593147	4.153997
459.750000	-55.585135	4.143612
460.000000	-55.577130	4.133253
460.250000	-55.569131	4.122920
460.500000	-55.561136	4.112613
460.750000	-55.553147	4.102331
461.000000	-55.545163	4.092076
461.250000	-55.537184	4.081845
461.500000	-55.529209	4.071641
461.750000	-55.521239	4.061462
462.000000	-55.513272	4.051308
462.250000	-55.505309	4.041180
462.500000	-55.497350	4.031077
462.750000	-55.489394	4.020999
463.000000	-55.481442	4.010947
463.250000	-55.473492	4.000919
463.500000	-55.465544	3.990917
463.750000	-55.457600	3.980940
464.000000	-55.449657	3.970987
464.250000	-55.441716	3.961060
464.500000	-55.433777	3.951157
464.750000	-55.425840	3.941279
465.000000	-55.417904	3.931426
465.250000	-55.409969	3.921598
465.500000	-55.402035	3.911794
465.750000	-55.394101	3.902014
466.000000	-55.386168	3.892259
466.250000	-55.378235	3.882528
466.500000	-55.370302	3.872822
466.750000	-55.362369	3.863140
467.000000	-55.354435	3.853482
467.250000	-55.346501	3.843848
467.500000	-55.338566	3.834239
467.750000	-55.330629	3.824653
468.000000	-55.322691	3.815092
468.250000	-55.314752	3.805554
468.500000	-55.306811	3.796040
468.750000	-55.298868	3.786550
469.000000	-55.290922	3.777084
469.250000	-55.282974	3.767641
469.500000	-55.275024	3.758222
469.750000	-55.267070	3.748826
470.000000	-55.259114	3.739454
470.250000	-55.251154	3.730105
470.500000	-55.243190	3.720780
470.750000	-55.235223	3.711478
471.000000	-55.227251	3.702200
471.250000	-55.219276	3.692944
471.500000	-55.211296	3.683712
471.750000	-55.203311	3.674502
472.000000	-55.195322	3.665316
472.250000	-55.187327	3.656153
472.500000	-55.179327	3.647012
472.750000	-55.171321	3.637895
473.000000	-55.163310	3.628800
473.250000	-55.155293	3.619728
473.500000	-55.147269	3.610679
473.750000	-55.139239	3.601652
474.000000	-55.131203	3.592648
474.250000	-55.123159	3.583666
474.500000	-55.115108	3.574707
474.750000	-55.107050	3.565771
475.000000	-55.098984	3.556856
475.250000	-55.090911	3.547964
475.500000	-55.082829	3.539094
475.750000	-55.074739	3.530246
476.000000	-55.066641	3.521421
476.250000	-55.058534	3.512617
476.500000	-55.050418	3.503836
476.750000	-55.042293	3.495076
477.000000	-55.034158	3.486338
477.250000	-55.026013	3.477622
477.500000	-55.017859	3.468928
477.750000	-55.009695	3.460256
478.000000	-55.001520	3.451605
478.250000	-54.993334	3.442976
478.500000	-54.985138	3.434369
478.750000	-54.976930	3.425783
479.000000	-54.968712	3.417219
479.250000	-54.960481	3.408676
479.500000	-54.952239	3.400154
479.750000	-54.943984	3.391653
480.000000	-54.935718	3.383174
480.250000	-54.927438	3.374716
480.500000	-54.919146	3.366280
480.750000	-54.910841	3.357864
481.000000	-54.902522	3.349469
481.250000	-54.894190	3.341096
481.500000	-54.885844	3.332743
481.750000	-54.877484	3.324411
482.000000	-54.869110	3.316100
482.250000	-54.860721	3.307810
482.500000	-54.852316	3.299540
482.750000	-54.843897	3.291291
483.000000	-54.835463	3.283063
483.250000	-54.827012	3.274855
483.500000	-54.818546	3.266668
483.750000	-54.810064	3.258502
484.000000	-54.801565	3.250355
484.250000	-54.793049	3.242230
484.500000	-54.784516	3.234124
484.750000	-54.775966	3.226039
485.000000	-54.767398	3.217974
485.250000	-54.758812	3.209929
485.500000	-54.750208	3.201904
485.750000	-54.741586	3.193899
486.000000	-54.732945	3.185914
486.250000	-54.724284	3.177949
486.500000	-54.715605	3.170005
486.750000	-54.706905	3.162080
487.000000	-54.698186	3.154174
487.250000	-54.689447	3.146289
487.500000	-54.680687	3.138423
487.750000	-54.671906	3.130577
488.000000	-54.663104	3.122751
488.250000	-54.654280	3.114944
488.500000	-54.645435	3.107157
488.750000	-54.636567	3.099389
489.000000	-54.627677	3.091640
489.250000	-54.618765	3.083911
489.500000	-54.609829	3.076201
489.750000	-54.600870	3.068511
490.000000	-54.591887	3.060839
490.250000	-54.582880	3.053187
490.500000	-54.573848	3.045554
490.750000	-54.564792	3.037941
491.000000	-54.555711	3.030346
491.250000	-54.546604	3.022770
491.500000	-54.537471	3.015213
491.750000	-54.528312	3.007675
492.000000	-54.519127	3.000156
492.250000	-54.509915	2.992655
492.500000	-54.500675	2.985174
492.750000	-54.491408	2.977711
493.000000	-54.482113	2.970266
493.250000	-54.472789	2.962841
493.500000	-54.463437	2.955434
493.750000	-54.454055	2.948045
494.000000	-54.444644	2.940675
494.250000	-54.435203	2.933323
494.500000	-54.425732	2.925990
494.750000	-54.416230	2.918675
495.000000	-54.406696	2.911378
495.250000	-54.397132	2.904100
495.500000	-54.387535	2.896840
495.750000	-54.377906	2.889598
496.000000	-54.368244	2.882374
496.250000	-54.358548	2.875168
496.500000	-54.348819	2.867980
496.750000	-54.339056	2.860810
497.000000	-54.329259	2.853658
497.250000	-54.319426	2.846524
497.500000	-54.309558	2.839407
497.750000	-54.299654	2.832309
498.000000	-54.289713	2.825228
498.250000	-54.279736	2.818165
498.500000	-54.269721	2.811119
498.750000	-54.259668	2.804092
499.000000	-54.249577	2.797081
499.250000	-54.239447	2.790089
499.500000	-54.229278	2.783114
499.750000	-54.219069	2.776156
500.000000	-54.208819	2.769215
500.250000	-54.198529	2.762292
500.500000	-54.188197	2.755387
500.750000	-54.177823	2.748498
501.000000	-54.167407	2.741627
501.250000	-54.156947	2.734773
501.500000	-54.146444	2.727936
501.750000	-54.135897	2.721116
502.000000	-54.125305	2.714313
502.250000	-54.114668	2.707527
502.500000	-54.103985	2.700759
502.750000	-54.093255	2.694007
503.000000	-54.082478	2.687272
503.250000	-54.071653	2.680554
503.500000	-54.060780	2.673852
503.750000	-54.049858	2.667168
504.000000	-54.038887	2.660500
504.250000	-54.027865	2.653848
504.500000	-54.016792	2.647214
504.750000	-54.005668	2.640596
505.000000	-53.994491	2.633994
505.250000	-53.983262	2.627409
505.500000	-53.971978	2.620841
505.750000	-53.960641	2.614289
506.000000	-53.949248	2.607753
506.250000	-53.937800	2.601233
506.500000	-53.926295	2.594730
506.750000	-53.914732	2.588244
507.000000	-53.903112	2.581773
507.250000	-53.891433	2.575319
507.500000	-53.879694	2.568880
507.750000	-53.867895	2.562458
508.000000	-53.856035	2.556052
508.250000	-53.844113	2.549662
508.500000	-53.832128	2.543288
508.750000	-53.820079	2.536929
509.000000	-53.807966	2.530587
509.250000	-53.795787	2.524261
509.500000	-53.783542	2.517950
509.750000	-53.771230	2.511655
510.000000	-53.758850	2.505376
510.250000	-53.746401	2.499113
510.500000	-53.733881	2.492865
510.750000	-53.721291	2.486633
511.000000	-53.708629	2.480416
511.250000	-53.695895	2.474215
511.500000	-53.683086	2.468029
511.750000	-53.670203	2.461859
512.000000	-53.657243	2.455705
512.250000	-53.644207	2.449565
512.500000	-53.631092	2.443442
512.750000	-53.617899	2.437333
513.000000	-53.604625	2.431240
513.250000	-53.591270	2.425161
513.500000	-53.577833	2.419099
513.750000	-53.564311	2.413051
514.000000	-53.550705	2.407018
514.250000	-53.537013	2.401001
514.500000	-53.523234	2.394998
514.750000	-53.509366	2.389011
515.000000	-53.495408	2.383038
515.250000	-53.481359	2.377081
515.500000	-53.467218	2.371138
515.750000	-53.452983	2.365210
516.000000	-53.438653	2.359297
516.250000	-53.424227	2.353399
516.500000	-53.409702	2.347515
516.750000	-53.395079	2.341646
517.000000	-53.380354	2.335792
517.250000	-53.365527	2.329953
517.500000	-53.350597	2.324128
517.750000	-53.335561	2.318318
518.000000	-53.320418	2.312522
518.250000	-53.305167	2.306741
518.500000	-53.289805	2.300974
518.750000	-53.274332	2.295221
519.000000	-53.258745	2.289483
519.250000	-53.243043	2.283759
519.500000	-53.227224	2.278050
519.750000	-53.211286	2.272355
520.000000	-53.195227	2.266674
520.250000	-53.179046	2.261007
520.500000	-53.162741	2.255355
520.750000	-53.146309	2.249716
521.000000	-53.129749	2.244092
521.250000	-53.113058	2.238482
521.500000	-53.096235	2.232886
521.750000	-53.079278	2.227304
522.000000	-53.062183	2.221735
522.250000	-53.044950	2.216181
522.500000	-53.027576	2.210640
522.750000	-53.010059	2.205114
523.000000	-52.992395	2.199601
523.250000	-52.974584	2.194102
523.500000	-52.956622	2.188617
523.750000	-52.938507	2.183145
524.000000	-52.920236	2.177687
524.250000	-52.901807	2.172243
524.500000	-52.883218	2.166813
524.750000	-52.864465	2.161396
525.000000	-52.845546	2.155992
525.250000	-52.826457	2.150602
525.500000	-52.807197	2.145226
525.750000	-52.787762	2.139863
526.000000	-52.768148	2.134513
526.250000	-52.748354	2.129177
526.500000	-52.728376	2.123854
526.750000	-52.708210	2.118544
527.000000	-52.687854	2.113248
527.250000	-52.667303	2.107965
527.500000	-52.646555	2.102695
527.750000	-52.625606	2.097438
528.000000	-52.604453	2.092194
528.250000	-52.583091	2.086964
528.500000	-52.561516	2.081746
528.750000	-52.539726	2.076542
529.000000	-52.517716	2.071351
529.250000	-52.495482	2.066172
529.500000	-52.473019	2.061007
529.750000	-52.450324	2.055854
530.000000	-52.427392	2.050715
530.250000	-52.404219	2.045588
530.500000	-52.380800	2.040474
530.750000	-52.357130	2.035373
531.000000	-52.333205	2.030284
531.250000	-52.309019	2.025209
531.500000	-52.284568	2.020146
531.750000	-52.259846	2.015095
532.000000	-52.234848	2.010058
532.250000	-52.209568	2.005032
532.500000	-52.184001	2.000020
532.750000	-52.158142	1.995020
533.000000	-52.131983	1.990032
533.250000	-52.105520	1.985057
533.500000	-52.078745	1.980094
533.750000	-52.051653	1.975144
534.000000	-52.024236	1.970206
534.250000	-51.996489	1.965281
534.500000	-51.968403	1.960368
534.750000	-51.939972	1.955467
535.000000	-51.911189	1.950578
535.250000	-51.882046	1.945702
535.500000	-51.852535	1.940837
535.750000	-51.822648	1.935985
536.000000	-51.792376	1.931145
536.250000	-51.761713	1.926317
536.500000	-51.730648	1.921502
536.750000	-51.699172	1.916698
537.000000	-51.667277	1.911906
537.250000	-51.634953	1.907126
537.500000	-51.602190	1.902359
537.750000	-51.568977	1.897603
538.000000	-51.535306	1.892859
538.250000	-51.501163	1.888127
538.500000	-51.466540	1.883406
538.750000	-51.431423	1.878698
539.000000	-51.395802	1.874001
539.250000	-51.359664	1.869316
539.500000	-51.322997	1.864643
539.750000	-51.285787	1.859981
540.000000	-51.248021	1.855331
540.250000	-51.209686	1.850693
540.500000	-51.170766	1.846066
540.750000	-51.131248	1.841451
541.000000	-51.091115	1.836847
541.250000	-51.050352	1.832255
541.500000	-51.008943	1.827675
541.750000	-50.966871	1.823105
542.000000	-50.924117	1.818548
542.250000	-50.880665	1.814001
542.500000	-50.836494	1.809466
542.750000	-50.791587	1.804943
543.000000	-50.745921	1.800430
543.250000	-50.699478	1.795929
543.500000	-50.652234	1.791439
543.750000	-50.604167	1.786961
544.000000	-50.555254	1.782493
544.250000	-50.505470	1.778037
544.500000	-50.454791	1.773592
544.750000	-50.403190	1.769158
545.000000	-50.350641	1.764735
545.250000	-50.297113	1.760323
545.500000	-50.242579	1.755922
545.750000	-50.187008	1.751533
546.000000	-50.130368	1.747154
546.250000	-50.072625	1.742786
546.500000	-50.013746	1.738429
546.750000	-49.953693	1.734083
547.000000	-49.892430	1.729748
547.250000	-49.829918	1.725423
547.500000	-49.766115	1.721110
547.750000	-49.700980	1.716807
548.000000	-49.634466	1.712515
548.250000	-49.566529	1.708234
548.500000	-49.497119	1.703963
548.750000	-49.426186	1.699703
549.000000	-49.353676	1.695454
549.250000	-49.279533	1.691215
549.500000	-49.203699	1.686987
549.750000	-49.126114	1.682770
550.000000	-49.046712	1.678563
550.250000	-48.965427	1.674366
550.500000	-48.882188	1.670181
550.750000	-48.796921	1.666005
551.000000	-48.709547	1.661840
551.250000	-48.619984	1.657685
551.500000	-48.528147	1.653541
551.750000	-48.433945	1.649407
552.000000	-48.337280	1.645284
552.250000	-48.238053	1.641171
552.500000	-48.136157	1.637068
552.750000	-48.031478	1.632975
553.000000	-47.923899	1.628893
553.250000	-47.813293	1.624820
553.500000	-47.699526	1.620758
553.750000	-47.582458	1.616706
554.000000	-47.461939	1.612665
554.250000	-47.337810	1.608633
554.500000	-47.209903	1.604611
554.750000	-47.078037	1.600600
555.000000	-46.942023	1.596598
555.250000	-46.801657	1.592607
555.500000	-46.656722	1.588625
555.750000	-46.506987	1.584654
556.000000	-46.352206	1.580692
556.250000	-46.192113	1.576740
556.500000	-46.026426	1.572799
556.750000	-45.854842	1.568867
557.000000	-45.677035	1.564944
557.250000	-45.492656	1.561032
557.500000	-45.301328	1.557129
557.750000	-45.102646	1.553237
558.000000	-44.896172	1.549354
558.250000	-44.681434	1.545480
558.500000	-44.457921	1.541616
558.750000	-44.225077	1.537762
559.000000	-43.982301	1.533918
559.250000	-43.728939	1.530083
559.500000	-43.464278	1.526258
559.750000	-43.187540	1.522442
560.000000	-42.897875	1.518636
560.250000	-42.594350	1.514840
560.500000	-42.275943	1.511053
560.750000	-41.941529	1.507275
561.000000	-41.589866	1.503507
561.250000	-41.219582	1.499748
561.500000	-40.829157	1.495999
561.750000	-40.416901	1.492259
562.000000	-39.980933	1.488528
562.250000	-39.519149	1.484807
562.500000	-39.029191	1.481095
562.750000	-38.508409	1.477392
563.000000	-37.953811	1.473698
563.250000	-37.362008	1.470014
563.500000	-36.729147	1.466339
563.750000	-36.050832	1.462673
564.000000	-35.322019	1.459017
564.250000	-34.536897	1.455369
564.500000	-33.688739	1.451731
564.750000	-32.769714	1.448101
565.000000	-31.770652	1.444481
565.250000	-30.680753	1.440870
565.500000	-29.487202	1.437268
565.750000	-28.174693	1.433675
566.000000	-26.724791	1.430090
566.250000	-25.115104	1.426515
566.500000	-23.318173	1.422949
566.750000	-21.299975	1.419391
567.000000	-19.017866	1.415843
567.250000	-16.417708	1.412303
567.500000	-13.429787	1.408773
567.750000	-9.962883	1.405251
568.000000	-5.895456	1.401738
568.250000	-1.062195	1.398233
568.500000	4.767131	1.394738
568.750000	11.922107	1.391251
569.000000	20.890005	1.387773
569.250000	35.138084	1.384303
569.500000	-60.138084	11.380842
569.750000	-60.087010	11.352390
570.000000	-60.036946	11.324009
570.250000	-59.987859	11.295699
570.500000	-59.939721	11.267460
570.750000	-59.892504	11.239291
571.000000	-59.846180	11.211193
571.250000	-59.800723	11.183165
571.500000	-59.756108	11.155207
571.750000	-59.712311	11.127319
572.000000	-59.669308	11.099501
572.250000	-59.627078	11.071752
572.500000	-59.585598	11.044073
572.750000	-59.544847	11.016463
573.000000	-59.504807	10.988922
573.250000	-59.465456	10.961449
573.500000	-59.426777	10.934046
573.750000	-59.388752	10.906711
574.000000	-59.351363	10.879444
574.250000	-59.314594	10.852245
574.500000	-59.278428	10.825115
574.750000	-59.242849	10.798052
575.000000	-59.207843	10.771057
575.250000	-59.173395	10.744129
575.500000	-59.139491	10.717269
575.750000	-59.106117	10.690475
576.000000	-59.073259	10.663749
576.250000	-59.040906	10.637090
576.500000	-59.009045	10.610497
576.750000	-58.977663	10.583971
577.000000	-58.946749	10.557511
577.250000	-58.916293	10.531117
577.500000	-58.886282	10.504789
577.750000	-58.856706	10.478527
578.000000	-58.827556	10.452331
578.250000	-58.798821	10.426200
578.500000	-58.770492	10.400135
578.750000	-58.742559	10.374134
579.000000	-58.715013	10.348199
579.250000	-58.687846	10.322329
579.500000	-58.661048	10.296523
579.750000	-58.634612	10.270782
580.000000	-58.608530	10.245105
580.250000	-58.582793	10.219492
580.500000	-58.557395	10.193943
580.750000	-58.532327	10.168458
581.000000	-58.507583	10.143037
581.250000	-58.483156	10.117679
581.500000	-58.459038	10.092385
581.750000	-58.435224	10.067154
582.000000	-58.411706	10.041986
582.250000	-58.388479	10.016881
582.500000	-58.365537	9.991839
582.750000	-58.342873	9.966860
583.000000	-58.320482	9.941943
583.250000	-58.298358	9.917088
583.500000	-58.276496	9.892295
583.750000	-58.254890	9.867564
584.000000	-58.233536	9.842895
584.250000	-58.212428	9.818288
584.500000	-58.191562	9.793742
584.750000	-58.170932	9.769258
585.000000	-58.150534	9.744835
585.250000	-58.130363	9.720473
585.500000	-58.110415	9.696172
585.750000	-58.090686	9.671931
586.000000	-58.071171	9.647751
586.250000	-58.051867	9.623632
586.500000	-58.032769	9.599573
586.750000	-58.013873	9.575574
587.000000	-57.995175	9.551635
587.250000	-57.976673	9.527756
587.500000	-57.958361	9.503937
587.750000	-57.940237	9.480177
588.000000	-57.922298	9.456476
588.250000	-57.904539	9.432835
588.500000	-57.886957	9.409253
588.750000	-57.869550	9.385730
589.000000	-57.852313	9.362265
589.250000	-57.835244	9.338860
589.500000	-57.818341	9.315513
589.750000	-57.801599	9.292224
590.000000	-57.785017	9.268993
590.250000	-57.768590	9.245821
590.500000	-57.752317	9.222706
590.750000	-57.736195	9.199650
591.000000	-57.720221	9.176650
591.250000	-57.704393	9.153709
591.500000	-57.688707	9.130825
591.750000	-57.673163	9.107997
592.000000	-57.657756	9.085227
592.250000	-57.642485	9.062514
592.500000	-57.627348	9.039858
592.750000	-57.612342	9.017258
593.000000	-57.597465	8.994715
593.250000	-57.582714	8.972229
593.500000	-57.568089	8.949798
593.750000	-57.553586	8.927423
594.000000	-57.539204	8.905105
594.250000	-57.524940	8.882842
594.500000	-57.510793	8.860635
594.750000	-57.496761	8.838483
595.000000	-57.482841	8.816387
595.250000	-57.469032	8.794346
595.500000	-57.455333	8.772360
595.750000	-57.441741	8.750430
596.000000	-57.428255	8.728553
596.250000	-57.414873	8.706732
596.500000	-57.401593	8.684965
596.750000	-57.388414	8.663253
597.000000	-57.375334	8.641595
597.250000	-57.362352	8.619991
597.500000	-57.349465	8.598441
597.750000	-57.336673	8.576945
598.000000	-57.323974	8.555502
598.250000	-57.311367	8.534113
598.500000	-57.298850	8.512778
598.750000	-57.286421	8.491496
599.000000	-57.274080	8.470268
599.250000	-57.261825	8.449092
599.500000	-57.249655	8.427969
599.750000	-57.237568	8.406899
600.000000	-57.225563	8.385882
600.250000	-57.213639	8.364917
600.500000	-57.201795	8.344005
600.750000	-57.190029	8.323145
601.000000	-57.178341	8.302337
601.250000	-57.166728	8.281581
601.500000	-57.155191	8.260877
601.750000	-57.143727	8.240225
602.000000	-57.132336	8.219625
602.250000	-57.121017	8.199075
602.500000	-57.109769	8.178578
602.750000	-57.098590	8.158131
603.000000	-57.087479	8.137736
603.250000	-57.076436	8.117392
603.500000	-57.065460	8.097098
603.750000	-57.054549	8.076855
604.000000	-57.043703	8.056663
604.250000	-57.032920	8.036522
604.500000	-57.022200	8.016430
604.750000	-57.011542	7.996389
605.000000	-57.000945	7.976398
605.250000	-56.990408	7.956457
605.500000	-56.979930	7.936566
605.750000	-56.969510	7.916725
606.000000	-56.959148	7.896933
606.250000	-56.948843	7.877191
606.500000	-56.938594	7.857498
606.750000	-56.928399	7.837854
607.000000	-56.918259	7.818259
607.250000	-56.908172	7.798714
607.500000	-56.898139	7.779217
607.750000	-56.888157	7.759769
608.000000	-56.878226	7.740369
608.250000	-56.868346	7.721018
608.500000	-56.858516	7.701716
608.750000	-56.848735	7.682462
609.000000	-56.839002	7.663255
609.250000	-56.829318	7.644097
609.500000	-56.819680	7.624987
609.750000	-56.810089	7.605925
610.000000	-56.800543	7.586910
610.250000	-56.791043	7.567942
610.500000	-56.781587	7.549023
610.750000	-56.772175	7.530150
611.000000	-56.762807	7.511325
611.250000	-56.753481	7.492546
611.500000	-56.744197	7.473815
611.750000	-56.734955	7.455130
612.000000	-56.725754	7.436493
612.250000	-56.716593	7.417901
612.500000	-56.707472	7.399357
612.750000	-56.698390	7.380858
613.000000	-56.689347	7.362406
613.250000	-56.680343	7.344000
613.500000	-56.671376	7.325640
613.750000	-56.662446	7.307326
614.000000	-56.653552	7.289058
614.250000	-56.644695	7.270835
614.500000	-56.635874	7.252658
614.750000	-56.627087	7.234526
615.000000	-56.618336	7.216440
615.250000	-56.609618	7.198399
615.500000	-56.600934	7.180403
615.750000	-56.592284	7.162452
616.000000	-56.583666	7.144546
616.250000	-56.575081	7.126684
616.500000	-56.566528	7.108868
616.750000	-56.558006	7.091096
617.000000	-56.549515	7.073368
617.250000	-56.541054	7.055684
617.500000	-56.532624	7.038045
617.750000	-56.524224	7.020450
618.000000	-56.515853	7.002899
618.250000	-56.507511	6.985392
618.500000	-56.499198	6.967928
618.750000	-56.490912	6.950508
619.000000	-56.482655	6.933132
619.250000	-56.474425	6.915799
619.500000	-56.466222	6.898510
619.750000	-56.458045	6.881264
620.000000	-56.449895	6.864060
620.250000	-56.441771	6.846900
620.500000	-56.433672	6.829783
620.750000	-56.425598	6.812708
621.000000	-56.417549	6.795677
621.250000	-56.409525	6.778688
621.500000	-56.401525	6.761741
621.750000	-56.393549	6.744836
622.000000	-56.385596	6.727974
622.250000	-56.377666	6.711154
622.500000	-56.369759	6.694377
622.750000	-56.361874	6.677641
623.000000	-56.354012	6.660946
623.250000	-56.346172	6.644294
623.500000	-56.338353	6.627683
623.750000	-56.330555	6.611114
624.000000	-56.322778	6.594586
624.250000	-56.315022	6.578100
624.500000	-56.307286	6.561655
624.750000	-56.299570	6.545251
625.000000	-56.291874	6.528887
625.250000	-56.284197	6.512565
625.500000	-56.276539	6.496284
625.750000	-56.268901	6.480043
626.000000	-56.261280	6.463843
626.250000	-56.253679	6.447683
626.500000	-56.246095	6.431564
626.750000	-56.238529	6.415485
627.000000	-56.230980	6.399447
627.250000	-56.223449	6.383448
627.500000	-56.215934	6.367489
627.750000	-56.208437	6.351571
628.000000	-56.200956	6.335692
628.250000	-56.193491	6.319852
628.500000	-56.186042	6.304053
628.750000	-56.178608	6.288293
629.000000	-56.171190	6.272572
629.250000	-56.163788	6.256890
629.500000	-56.156400	6.241248
629.750000	-56.149027	6.225645
630.000000	-56.141669	6.210081
630.250000	-56.134324	6.194556
630.500000	-56.126994	6.179069
630.750000	-56.119678	6.163622
631.000000	-56.112375	6.148213
631.250000	-56.105086	6.132842
631.500000	-56.097809	6.117510
631.750000	-56.090546	6.102216
632.000000	-56.083295	6.086961
632.250000	-56.076057	6.071743
632.500000	-56.068830	6.056564
632.750000	-56.061616	6.041423
633.000000	-56.054414	6.026319
633.250000	-56.047223	6.011253
633.500000	-56.040044	5.996225
633.750000	-56.032876	5.981235
634.000000	-56.025719	5.966281
634.250000	-56.018572	5.951366
634.500000	-56.011437	5.936487
634.750000	-56.004311	5.921646
635.000000	-55.997196	5.906842
635.250000	-55.990091	5.892075
635.500000	-55.982995	5.877345
635.750000	-55.975910	5.862651
636.000000	-55.968833	5.847995
636.250000	-55.961766	5.833375
636.500000	-55.954707	5.818791
636.750000	-55.947658	5.804244
637.000000	-55.940617	5.789734
637.250000	-55.933585	5.775259
637.500000	-55.926561	5.760821
637.750000	-55.919545	5.746419
638.000000	-55.912537	5.732053
638.250000	-55.905536	5.717723
638.500000	-55.898543	5.703429
638.750000	-55.891558	5.689170
639.000000	-55.884580	5.674947
639.250000	-55.877608	5.660760
639.500000	-55.870644	5.646608
639.750000	-55.863686	5.632491
640.000000	-55.856735	5.618410
640.250000	-55.849790	5.604364
640.500000	-55.842851	5.590353
640.750000	-55.835918	5.576377
641.000000	-55.828991	5.562436
641.250000	-55.822070	5.548530
641.500000	-55.815154	5.534659
641.750000	-55.808243	5.520822
642.000000	-55.801338	5.507020
642.250000	-55.794437	5.493253
642.500000	-55.787542	5.479520
642.750000	-55.780650	5.465821
643.000000	-55.773764	5.452156
643.250000	-55.766882	5.438526
643.500000	-55.760004	5.424930
643.750000	-55.753130	5.411367
644.000000	-55.746259	5.397839
644.250000	-55.739393	5.384344
644.500000	-55.732530	5.370883
644.750000	-55.725670	5.357456
645.000000	-55.718814	5.344063
645.250000	-55.711961	5.330702
645.500000	-55.705110	5.317376
645.750000	-55.698263	5.304082
646.000000	-55.691418	5.290822
646.250000	-55.684575	5.277595
646.500000	-55.677735	5.264401
646.750000	-55.670897	5.251240
647.000000	-55.664060	5.238112
647.250000	-55.657226	5.225017
647.500000	-55.650393	5.211954
647.750000	-55.643562	5.198924
648.000000	-55.636733	5.185927
648.250000	-55.629904	5.172962
648.500000	-55.623077	5.160030
648.750000	-55.616250	5.147129
649.000000	-55.609425	5.134262
649.250000	-55.602600	5.121426
649.500000	-55.595775	5.108622
649.750000	-55.588951	5.095851
650.000000	-55.582127	5.083111
650.250000	-55.575304	5.070403
650.500000	-55.568480	5.057727
650.750000	-55.561655	5.045083
651.000000	-55.554831	5.032470
651.250000	-55.548006	5.019889
651.500000	-55.541180	5.007340
651.750000	-55.534353	4.994821
652.000000	-55.527526	4.982334
652.250000	-55.520697	4.969878
652.500000	-55.513867	4.957454
652.750000	-55.507036	4.945060
653.000000	-55.500203	4.932697
653.250000	-55.493369	4.920366
653.500000	-55.486532	4.908065
653.750000	-55.479694	4.895795
654.000000	-55.472853	4.883555
654.250000	-55.466011	4.871346
654.500000	-55.459166	4.859168
654.750000	-55.452318	4.847020
655.000000	-55.445467	4.834902
655.250000	-55.438614	4.822815
655.500000	-55.431758	4.810758
655.750000	-55.424899	4.798731
656.000000	-55.418036	4.786734
656.250000	-55.411170	4.774767
656.500000	-55.404300	4.762831
656.750000	-55.397427	4.750923
657.000000	-55.390550	4.739046
657.250000	-55.383668	4.727199
657.500000	-55.376783	4.715381
657.750000	-55.369893	4.703592
658.000000	-55.362999	4.691833
658.250000	-55.356100	4.680104
658.500000	-55.349197	4.668403
658.750000	-55.342288	4.656732
659.000000	-55.335375	4.645090
659.250000	-55.328456	4.633478
659.500000	-55.321532	4.621894
659.750000	-55.314603	4.610339
660.000000	-55.307668	4.598813
660.250000	-55.300727	4.587316
660.500000	-55.293781	4.575848
660.750000	-55.286828	4.564408
661.000000	-55.279869	4.552997
661.250000	-55.272903	4.541615
661.500000	-55.265931	4.530261
661.750000	-55.258953	4.518935
662.000000	-55.251967	4.507638
662.250000	-55.244975	4.496369
662.500000	-55.237975	4.485128
662.750000	-55.230968	4.473915
663.000000	-55.223954	4.462730
663.250000	-55.216932	4.451573
663.500000	-55.209903	4.440445
663.750000	-55.202865	4.429343
664.000000	-55.195819	4.418270
664.250000	-55.188766	4.407224
664.500000	-55.181703	4.396206
664.750000	-55.174633	4.385216
665.000000	-55.167553	4.374253
665.250000	-55.160465	4.363317
665.500000	-55.153367	4.352409
665.750000	-55.146261	4.341528
666.000000	-55.139145	4.330674
666.250000	-55.132020	4.319847
666.500000	-55.124885	4.309048
666.750000	-55.117740	4.298275
667.000000	-55.110585	4.287529
667.250000	-55.103420	4.276811
667.500000	-55.096244	4.266119
667.750000	-55.089058	4.255453
668.000000	-55.081862	4.244815
668.250000	-55.074655	4.234203
668.500000	-55.067436	4.223617
668.750000	-55.060207	4.213058
669.000000	-55.052966	4.202525
669.250000	-55.045713	4.192019
669.500000	-55.038449	4.181539
669.750000	-55.031173	4.171085
670.000000	-55.023885	4.160657
670.250000	-55.016585	4.150256
670.500000	-55.009272	4.139880
670.750000	-55.001947	4.129530
671.000000	-54.994608	4.119207
671.250000	-54.987257	4.108909
671.500000	-54.979893	4.098636
671.750000	-54.972516	4.088390
672.000000	-54.965125	4.078169
672.250000	-54.957720	4.067973
672.500000	-54.950301	4.057803
672.750000	-54.942869	4.047659
673.000000	-54.935422	4.037540
673.250000	-54.927960	4.027446
673.500000	-54.920484	4.017377
673.750000	-54.912993	4.007334
674.000000	-54.905487	3.997316
674.250000	-54.897966	3.987322
674.500000	-54.890429	3.977354
674.750000	-54.882877	3.967411
675.000000	-54.875309	3.957492
675.250000	-54.867725	3.947598
675.500000	-54.860124	3.937729
675.750000	-54.852507	3.927885
676.000000	-54.844874	3.918065
676.250000	-54.837223	3.908270
676.500000	-54.829555	3.898499
676.750000	-54.821870	3.888753
677.000000	-54.814168	3.879031
677.250000	-54.806448	3.869334
677.500000	-54.798709	3.859660
677.750000	-54.790953	3.850011
678.000000	-54.783178	3.840386
678.250000	-54.775384	3.830785
678.500000	-54.767572	3.821208
678.750000	-54.759741	3.811655
679.000000	-54.751890	3.802126
679.250000	-54.744019	3.792621
679.500000	-54.736129	3.783139
679.750000	-54.728219	3.773681
680.000000	-54.720288	3.764247
680.250000	-54.712337	3.754837
680.500000	-54.704365	3.745450
680.750000	-54.696372	3.736086
681.000000	-54.688358	3.726746
681.250000	-54.680322	3.717429
681.500000	-54.672264	3.708135
681.750000	-54.664185	3.698865
682.000000	-54.656083	3.689618
682.250000	-54.647958	3.680394
682.500000	-54.639811	3.671193
682.750000	-54.631640	3.662015
683.000000	-54.623446	3.652860
683.250000	-54.615229	3.643728
683.500000	-54.606987	3.634618
683.750000	-54.598722	3.625532
684.000000	-54.590432	3.616468
684.250000	-54.582117	3.607427
684.500000	-54.573777	3.598408
684.750000	-54.565411	3.589412
685.000000	-54.557020	3.580439
685.250000	-54.548603	3.571487
685.500000	-54.540160	3.562559
685.750000	-54.531691	3.553652
686.000000	-54.523194	3.544768
686.250000	-54.514670	3.535906
686.500000	-54.506119	3.527067
686.750000	-54.497540	3.518249
687.000000	-54.488933	3.509453
687.250000	-54.480297	3.500680
687.500000	-54.471633	3.491928
687.750000	-54.462940	3.483198
688.000000	-54.454217	3.474490
688.250000	-54.445464	3.465804
688.500000	-54.436681	3.457139
688.750000	-54.427868	3.448497
689.000000	-54.419024	3.439875
689.250000	-54.410149	3.431276
689.500000	-54.401242	3.422697
689.750000	-54.392303	3.414141
690.000000	-54.383333	3.405605
690.250000	-54.374329	3.397091
690.500000	-54.365292	3.388599
690.750000	-54.356222	3.380127
691.000000	-54.347119	3.371677
691.250000	-54.337981	3.363248
691.500000	-54.328808	3.354839
691.750000	-54.319601	3.346452
692.000000	-54.310358	3.338086
692.250000	-54.301079	3.329741
692.500000	-54.291765	3.321417
692.750000	-54.282413	3.313113
693.000000	-54.273025	3.304830
693.250000	-54.263599	3.296568
693.500000	-54.254135	3.288327
693.750000	-54.244633	3.280106
694.000000	-54.235092	3.271906
694.250000	-54.225511	3.263726
694.500000	-54.215891	3.255567
694.750000	-54.206231	3.247428
695.000000	-54.196530	3.239309
695.250000	-54.186788	3.231211
695.500000	-54.177005	3.223133
695.750000	-54.167179	3.215075
696.000000	-54.157311	3.207037
696.250000	-54.147399	3.199020
696.500000	-54.137444	3.191022
696.750000	-54.127445	3.183045
697.000000	-54.117401	3.175087
697.250000	-54.107312	3.167149
697.500000	-54.097177	3.159231
697.750000	-54.086996	3.151333
698.000000	-54.076768	3.143455
698.250000	-54.066493	3.135596
698.500000	-54.056169	3.127757
698.750000	-54.045797	3.119938
699.000000	-54.035376	3.112138
699.250000	-54.024905	3.104358
699.500000	-54.014384	3.096597
699.750000	-54.003812	3.088855
700.000000	-53.993188	3.081133
700.250000	-53.982512	3.073430
700.500000	-53.971784	3.065747
700.750000	-53.961001	3.058083
701.000000	-53.950165	3.050437
701.250000	-53.939274	3.042811
701.500000	-53.928327	3.035204
701.750000	-53.917324	3.027616
702.000000	-53.906264	3.020047
702.250000	-53.895147	3.012497
702.500000	-53.883971	3.004966
702.750000	-53.872736	2.997453
703.000000	-53.861441	2.989960
703.250000	-53.850086	2.982485
703.500000	-53.838670	2.975029
703.750000	-53.827191	2.967591
704.000000	-53.815650	2.960172
704.250000	-53.804045	2.952772
704.500000	-53.792375	2.945390
704.750000	-53.780640	2.938026
705.000000	-53.768839	2.930681
705.250000	-53.756971	2.923354
705.500000	-53.745035	2.916046
705.750000	-53.733030	2.908756
706.000000	-53.720955	2.901484
706.250000	-53.708810	2.894230
706.500000	-53.696594	2.886995
706.750000	-53.684305	2.879777
707.000000	-53.671942	2.872578
707.250000	-53.659505	2.865396
707.500000	-53.646993	2.858233
707.750000	-53.634405	2.851087
708.000000	-53.621739	2.843960
708.250000	-53.608995	2.836850
708.500000	-53.596171	2.829758
708.750000	-53.583267	2.822683
709.000000	-53.570281	2.815627
709.250000	-53.557212	2.808587
709.500000	-53.544060	2.801566
709.750000	-53.530822	2.794562
710.000000	-53.517498	2.787576
710.250000	-53.504087	2.780607
710.500000	-53.490587	2.773655
710.750000	-53.476998	2.766721
711.000000	-53.463317	2.759804
711.250000	-53.449544	2.752905
711.500000	-53.435677	2.746022
711.750000	-53.421716	2.739157
712.000000	-53.407658	2.732310
712.250000	-53.393502	2.725479
712.500000	-53.379247	2.718665
712.750000	-53.364892	2.711868
713.000000	-53.350435	2.705089
713.250000	-53.335874	2.698326
713.500000	-53.321208	2.691580
713.750000	-53.306436	2.684851
714.000000	-53.291556	2.678139
714.250000	-53.276566	2.671444
714.500000	-53.261465	2.664765
714.750000	-53.246251	2.658103
715.000000	-53.230922	2.651458
715.250000	-53.215477	2.644829
715.500000	-53.199914	2.638217
715.750000	-53.184231	2.631622
716.000000	-53.168427	2.625043
716.250000	-53.152499	2.618480
716.500000	-53.136445	2.611934
716.750000	-53.120264	2.605404
717.000000	-53.103954	2.598891
717.250000	-53.087513	2.592393
717.500000	-53.070938	2.585912
717.750000	-53.054228	2.579448
718.000000	-53.037380	2.572999
718.250000	-53.020393	2.566566
718.500000	-53.003263	2.560150
718.750000	-52.985990	2.553750
719.000000	-52.968569	2.547365
719.250000	-52.951000	2.540997
719.500000	-52.933280	2.534644
719.750000	-52.915405	2.528308
720.000000	-52.897374	2.521987
720.250000	-52.879185	2.515682
720.500000	-52.860834	2.509393
720.750000	-52.842318	2.503119
721.000000	-52.823636	2.496862
721.250000	-52.804784	2.490619
721.500000	-52.785759	2.484393
721.750000	-52.766559	2.478182
722.000000	-52.747180	2.471986
722.250000	-52.727620	2.465806
722.500000	-52.707875	2.459642
722.750000	-52.687942	2.453493
723.000000	-52.667817	2.447359
723.250000	-52.647498	2.441241
723.500000	-52.626981	2.435138
723.750000	-52.606263	2.429050
724.000000	-52.585339	2.422977
724.250000	-52.564207	2.416920
724.500000	-52.542862	2.410877
724.750000	-52.521300	2.404850
725.000000	-52.499519	2.398838
725.250000	-52.477512	2.392841
725.500000	-52.455277	2.386859
725.750000	-52.432810	2.380892
726.000000	-52.410105	2.374939
726.250000	-52.387159	2.369002
726.500000	-52.363966	2.363080
726.750000	-52.340522	2.357172
727.000000	-52.316823	2.351279
727.250000	-52.292863	2.345401
727.500000	-52.268638	2.339537
727.750000	-52.244142	2.333688
728.000000	-52.219369	2.327854
728.250000	-52.194315	2.322035
728.500000	-52.168974	2.316229
728.750000	-52.143340	2.310439
729.000000	-52.117407	2.304663
729.250000	-52.091169	2.298901
729.500000	-52.064620	2.293154
729.750000	-52.037754	2.287421
730.000000	-52.010563	2.281702
730.250000	-51.983042	2.275998
730.500000	-51.955183	2.270308
730.750000	-51.926979	2.264632
731.000000	-51.898423	2.258971
731.250000	-51.869507	2.253323
731.500000	-51.840224	2.247690
731.750000	-51.810565	2.242071
732.000000	-51.780522	2.236466
732.250000	-51.750088	2.230875
732.500000	-51.719253	2.225297
732.750000	-51.688008	2.219734
733.000000	-51.656344	2.214185
733.250000	-51.624251	2.208649
733.500000	-51.591721	2.203128
733.750000	-51.558742	2.197620
734.000000	-51.525305	2.192126
734.250000	-51.491398	2.186646
734.500000	-51.457010	2.181179
734.750000	-51.422131	2.175726
735.000000	-51.386749	2.170287
735.250000	-51.350850	2.164861
735.500000	-51.314424	2.159449
735.750000	-51.277456	2.154050
736.000000	-51.239934	2.148665
736.250000	-51.201844	2.143293
736.500000	-51.163171	2.137935
736.750000	-51.123901	2.132590
737.000000	-51.084018	2.127259
737.250000	-51.043508	2.121941
737.500000	-51.002352	2.116636
737.750000	-50.960536	2.111344
738.000000	-50.918040	2.106066
738.250000	-50.874848	2.100801
738.500000	-50.830940	2.095549
738.750000	-50.786298	2.090310
739.000000	-50.740900	2.085084
739.250000	-50.694727	2.079871
739.500000	-50.647756	2.074672
739.750000	-50.599965	2.069485
740.000000	-50.551331	2.064311
740.250000	-50.501830	2.059150
740.500000	-50.451437	2.054003
740.750000	-50.400126	2.048868
741.000000	-50.347869	2.043745
741.250000	-50.294639	2.038636
741.500000	-50.240407	2.033539
741.750000	-50.185141	2.028456
742.000000	-50.128811	2.023385
742.250000	-50.071383	2.018326
742.500000	-50.012824	2.013280
742.750000	-49.953096	2.008247
743.000000	-49.892164	2.003226
743.250000	-49.829988	1.998218
743.500000	-49.766528	1.993223
743.750000	-49.701741	1.988240
744.000000	-49.635583	1.983269
744.250000	-49.568008	1.978311
744.500000	-49.498968	1.973365
744.750000	-49.428412	1.968432
745.000000	-49.356288	1.963511
745.250000	-49.282539	1.958602
745.500000	-49.207109	1.953705
745.750000	-49.129935	1.948821
746.000000	-49.050956	1.943949
746.250000	-48.970104	1.939089
746.500000	-48.887308	1.934242
746.750000	-48.802496	1.929406
747.000000	-48.715590	1.924582
747.250000	-48.626508	1.919771
747.500000	-48.535165	1.914972
747.750000	-48.441470	1.910184
748.000000	-48.345330	1.905409
748.250000	-48.246642	1.900645
748.500000	-48.145302	1.895893
748.750000	-48.041198	1.891154
749.000000	-47.934212	1.886426
749.250000	-47.824220	1.881710
749.500000	-47.711088	1.877006
749.750000	-47.594678	1.872313
750.000000	-47.474841	1.867632
750.250000	-47.351419	1.862963
750.500000	-47.224246	1.858306
750.750000	-47.093145	1.853660
751.000000	-46.957925	1.849026
751.250000	-46.818386	1.844403
751.500000	-46.674314	1.839792
751.750000	-46.525480	1.835193
752.000000	-46.371639	1.830605
752.250000	-46.212530	1.826028
752.500000	-46.047873	1.821463
752.750000	-45.877369	1.816910
753.000000	-45.700695	1.812367
753.250000	-45.517507	1.807836
753.500000	-45.327431	1.803317
753.750000	-45.130068	1.798808
754.000000	-44.924985	1.794311
754.250000	-44.711716	1.789826
754.500000	-44.489756	1.785351
754.750000	-44.258557	1.780888
755.000000	-44.017526	1.776436
755.250000	-43.766017	1.771994
755.500000	-43.503328	1.767564
755.750000	-43.228690	1.763146
756.000000	-42.941267	1.758738
756.250000	-42.640139	1.754341
756.500000	-42.324299	1.749955
756.750000	-41.992640	1.745580
757.000000	-41.643939	1.741216
757.250000	-41.276847	1.736863
757.500000	-40.889868	1.732521
757.750000	-40.481342	1.728190
758.000000	-40.049420	1.723869
758.250000	-39.592035	1.719559
758.500000	-39.106874	1.715261
758.750000	-38.591335	1.710972
759.000000	-38.042485	1.706695
759.250000	-37.457003	1.702428
759.500000	-36.831118	1.698172
759.750000	-36.160524	1.693927
760.000000	-35.440290	1.689692
760.250000	-34.664738	1.685468
760.500000	-33.827299	1.681254
760.750000	-32.920334	1.677051
761.000000	-31.934907	1.672858
761.250000	-30.860501	1.668676
761.500000	-29.684656	1.664504
761.750000	-28.392503	1.660343
762.000000	-26.966160	1.656192
762.250000	-25.383938	1.652052
762.500000	-23.619281	1.647922
762.750000	-21.639342	1.643802
763.000000	-19.403030	1.639692
763.250000	-16.858291	1.635593
763.500000	-13.938255	1.631504
763.750000	-10.555661	1.627425
764.000000	-6.594597	1.623357
764.250000	-1.897960	1.619298
764.500000	3.752169	1.615250
764.750000	10.666285	1.611212
765.000000	19.300893	1.607184
765.250000	35.159916	1.603166
765.500000	-60.159916	11.599158
765.750000	-60.108665	11.570160
766.000000	-60.058431	11.541235
766.250000	-60.009182	11.512382
766.500000	-59.960889	11.483601
766.750000	-59.913523	11.454892
767.000000	-59.867056	11.426255
767.250000	-59.821462	11.397689
767.500000	-59.776716	11.369195
767.750000	-59.732794	11.340772
768.000000	-59.689671	11.312420
768.250000	-59.647325	11.284139
768.500000	-59.605735	11.255928
768.750000	-59.564880	11.227789
769.000000	-59.524738	11.199719
769.250000	-59.485291	11.171720
769.500000	-59.446520	11.143791
769.750000	-59.408407	11.115931
