-0.000000	-60.000000	-0.000000
0.250000	-61.500000	0.000000
0.500000	-62.965500	0.000000
0.750000	-64.388602	0.000000
1.000000	-65.762310	-0.164573
1.250000	-67.080450	-0.380248
1.500000	-68.338100	-0.644814
1.750000	-69.531484	-0.955881
2.000000	-70.657961	-1.310922
2.250000	-71.715979	-1.707318
2.500000	-72.704997	-2.142399
2.750000	-73.625385	-2.613480
3.000000	-74.478308	-3.117898
3.250000	-75.265602	-3.653040
3.500000	-75.989646	-4.216368
3.750000	-76.653245	-4.805439
4.000000	-77.259513	-5.417922
4.250000	-77.811768	-6.051609
4.500000	-78.313450	-6.704421
4.750000	-78.768036	-7.374414
5.000000	-79.178979	-8.059779
5.250000	-79.549658	-8.758842
5.500000	-79.883338	-9.470057
5.750000	-80.183139	-10.192007
6.000000	-80.452018	-10.923395
6.250000	-80.692754	-11.663037
6.500000	-80.907940	-12.409857
6.750000	-81.099985	-13.162881
7.000000	-81.271113	-13.921223
7.250000	-81.423368	-14.684086
7.500000	-81.558625	-15.450752
7.750000	-81.678590	-16.220574
8.000000	-81.784820	-16.992970
8.250000	-81.878726	-17.767418
8.500000	-81.961585	-18.543452
8.750000	-82.034551	-19.320653
9.000000	-82.098666	-20.098647
9.250000	-82.154868	-20.877100
9.500000	-82.203998	-21.655715
9.750000	-82.246813	-22.434225
10.000000	-82.283993	-23.212395
10.250000	-82.316145	-23.990014
10.500000	-82.343814	-24.766894
10.750000	-82.367487	-25.542870
11.000000	-82.387599	-26.317794
11.250000	-82.404541	-27.091534
11.500000	-82.418659	-27.863976
11.750000	-82.430263	-28.635015
12.000000	-82.439631	-29.404563
12.250000	-82.447008	-30.172538
12.500000	-82.452616	-30.938869
12.750000	-82.456650	-31.703495
13.000000	-82.459286	-32.466361
13.250000	-82.460678	-33.227418
13.500000	-82.460966	-33.986625
13.750000	-82.460273	-34.743944
14.000000	-82.458710	-35.499345
14.250000	-82.456375	-36.252798
14.500000	-82.453354	-37.004280
14.750000	-82.449725	-37.753770
15.000000	-82.445558	-38.501250
15.250000	-82.440914	-39.246706
15.500000	-82.435848	-39.990123
15.750000	-82.430409	-40.731492
16.000000	-82.424640	-41.470804
16.250000	-82.418580	-42.208051
16.500000	-82.412263	-42.943227
16.750000	-82.405719	-43.676329
17.000000	-82.398977	-44.407353
17.250000	-82.392060	-45.136296
17.500000	-82.384990	-45.863158
17.750000	-82.377785	-46.587937
18.000000	-82.370464	-47.310634
18.250000	-82.363041	-48.031250
18.500000	-82.355530	-48.749786
18.750000	-82.347943	-49.466244
19.000000	-82.340290	-50.180626
19.250000	-82.332581	-50.892935
19.500000	-82.324825	-51.603175
19.750000	-82.317029	-52.311348
20.000000	-82.309200	-53.017458
20.250000	-82.301343	-53.721509
20.500000	-82.293465	-54.423506
20.750000	-82.285569	-55.123452
21.000000	-82.277660	-55.821352
21.250000	-82.269742	-56.517211
21.500000	-82.261818	-57.211033
21.750000	-82.253890	-57.902824
22.000000	-82.245963	-58.592588
22.250000	-82.238037	-59.280330
22.500000	-82.230115	-59.966055
22.750000	-82.222199	-60.649770
23.000000	-82.214291	-61.331478
23.250000	-82.206391	-62.011185
23.500000	-82.198502	-62.688897
23.750000	-82.190624	-63.364618
24.000000	-82.182758	-64.038355
24.250000	-82.174905	-64.710113
24.500000	-82.167067	-65.379896
24.750000	-82.159243	-66.047712
25.000000	-82.151434	-66.713564
25.250000	-82.143642	-67.377459
25.500000	-82.135865	-68.039402
25.750000	-82.128106	-68.699398
26.000000	-82.120363	-69.357454
26.250000	-82.112638	-70.013574
26.500000	-82.104931	-70.667764
26.750000	-82.097242	-71.320029
27.000000	-82.089571	-71.970375
27.250000	-82.081918	-72.618808
27.500000	-82.074284	-73.265333
27.750000	-82.066668	-73.909956
28.000000	-82.059072	-74.552681
28.250000	-82.051494	-75.193514
28.500000	-82.043936	-75.832462
28.750000	-82.036396	-76.469528
29.000000	-82.028876	-77.104719
29.250000	-82.021375	-77.738040
29.500000	-82.013893	-78.369497
29.750000	-82.006430	-78.999094
30.000000	-81.998987	-79.626837
30.250000	-81.991563	-80.252732
30.500000	-81.984158	-80.876784
30.750000	-81.976772	-81.498998
31.000000	-81.969406	-82.119379
31.250000	-81.962059	-82.737934
31.500000	-81.954731	-83.354666
31.750000	-81.947423	-83.969582
32.000000	-81.940134	-84.582686
32.250000	-81.932864	-85.193984
32.500000	-81.925613	-85.803482
32.750000	-81.918381	-86.411184
33.000000	-81.911169	-87.017095
33.250000	-81.903976	-87.621221
33.500000	-81.896801	-88.223567
33.750000	-81.889646	-88.824138
34.000000	-81.882510	-89.422940
34.250000	-81.875392	-90.019976
34.500000	-81.868294	-90.615254
34.750000	-81.861214	-91.208777
35.000000	-81.854154	-91.800550
35.250000	-81.847112	-92.390580
35.500000	-81.840089	-92.978870
35.750000	-81.833085	-93.565426
36.000000	-81.826099	-94.150253
36.250000	-81.819132	-94.733356
36.500000	-81.812184	-95.314740
36.750000	-81.805254	-95.894410
37.000000	-81.798342	-96.472371
37.250000	-81.791450	-97.048628
37.500000	-81.784575	-97.623186
37.750000	-81.777719	-98.196050
38.000000	-81.770882	-98.767224
38.250000	-81.764063	-99.336714
38.500000	-81.757262	-99.904524
38.750000	-81.750479	-100.470660
39.000000	-81.743714	-101.035127
39.250000	-81.736968	-101.597928
39.500000	-81.730240	-102.159070
39.750000	-81.723529	-102.718556
40.000000	-81.716837	-103.276392
40.250000	-81.710163	-103.832582
40.500000	-81.703506	-104.387132
40.750000	-81.696868	-104.940046
41.000000	-81.690247	-105.491328
41.250000	-81.683645	-106.040984
41.500000	-81.677060	-106.589018
41.750000	-81.670492	-107.135435
42.000000	-81.663943	-107.680240
42.250000	-81.657411	-108.223438
42.500000	-81.650896	-108.765032
42.750000	-81.644400	-109.305028
43.000000	-81.637920	-109.843430
43.250000	-81.631458	-110.380244
43.500000	-81.625014	-110.915473
43.750000	-81.618587	-111.449122
44.000000	-81.612177	-111.981196
44.250000	-81.605785	-112.511700
44.500000	-81.599409	-113.040638
44.750000	-81.593051	-113.568014
45.000000	-81.586711	-114.093833
45.250000	-81.580387	-114.618100
45.500000	-81.574080	-115.140820
45.750000	-81.567791	-115.661996
46.000000	-81.561518	-116.181633
46.250000	-81.555263	-116.699736
46.500000	-81.549024	-117.216309
46.750000	-81.542802	-117.731356
47.000000	-81.536598	-118.244883
47.250000	-81.530409	-118.756893
47.500000	-81.524238	-119.267391
47.750000	-81.518083	-119.776382
48.000000	-81.511945	-120.283869
48.250000	-81.505824	-120.789857
48.500000	-81.499719	-121.294351
48.750000	-81.493631	-121.797355
49.000000	-81.487559	-122.298872
49.250000	-81.481504	-122.798909
49.500000	-81.475466	-123.297468
49.750000	-81.469443	-123.794554
50.000000	-81.463437	-124.290172
50.250000	-81.457447	-124.784325
50.500000	-81.451474	-125.277019
50.750000	-81.445517	-125.768257
51.000000	-81.439576	-126.258043
51.250000	-81.433651	-126.746382
51.500000	-81.427742	-127.233278
51.750000	-81.421849	-127.718735
52.000000	-81.415973	-128.202757
52.250000	-81.410112	-128.685349
52.500000	-81.404267	-129.166515
52.750000	-81.398438	-129.646259
53.000000	-81.392626	-130.124585
53.250000	-81.386828	-130.601497
53.500000	-81.381047	-131.076999
53.750000	-81.375282	-131.551096
54.000000	-81.369532	-132.023791
54.250000	-81.363798	-132.495089
54.500000	-81.358079	-132.964994
54.750000	-81.352376	-133.433509
55.000000	-81.346689	-133.900640
55.250000	-81.341017	-134.366389
55.500000	-81.335361	-134.830761
55.750000	-81.329720	-135.293760
56.000000	-81.324094	-135.755390
56.250000	-81.318484	-136.215655
56.500000	-81.312889	-136.674559
56.750000	-81.307310	-137.132106
57.000000	-81.301746	-137.588300
57.250000	-81.296197	-138.043145
57.500000	-81.290663	-138.496644
57.750000	-81.285144	-138.948803
58.000000	-81.279640	-139.399624
58.250000	-81.274152	-139.849111
58.500000	-81.268678	-140.297269
58.750000	-81.263220	-140.744101
59.000000	-81.257776	-141.189612
59.250000	-81.252348	-141.633804
59.500000	-81.246934	-142.076683
59.750000	-81.241535	-142.518251
60.000000	-81.236151	-142.958513
60.250000	-81.230781	-143.397472
60.500000	-81.225427	-143.835133
60.750000	-81.220087	-144.271499
61.000000	-81.214762	-144.706573
61.250000	-81.209451	-145.140360
61.500000	-81.204155	-145.572864
61.750000	-81.198873	-146.004088
62.000000	-81.193606	-146.434035
62.250000	-81.188354	-146.862710
62.500000	-81.183116	-147.290117
62.750000	-81.177892	-147.716258
63.000000	-81.172682	-148.141139
63.250000	-81.167487	-148.564761
63.500000	-81.162307	-148.987130
63.750000	-81.157140	-149.408249
64.000000	-81.151988	-149.828121
64.250000	-81.146850	-150.246750
64.500000	-81.141726	-150.664140
64.750000	-81.136616	-151.080295
65.000000	-81.131520	-151.495217
65.250000	-81.126439	-151.908911
65.500000	-81.121371	-152.321380
65.750000	-81.116317	-152.732628
66.000000	-81.111277	-153.142658
66.250000	-81.106251	-153.551475
66.500000	-81.101239	-153.959080
66.750000	-81.096241	-154.365479
67.000000	-81.091257	-154.770674
67.250000	-81.086286	-155.174670
67.500000	-81.081329	-155.577469
67.750000	-81.076386	-155.979075
68.000000	-81.071456	-156.379492
68.250000	-81.066540	-156.778723
68.500000	-81.061638	-157.176771
68.750000	-81.056749	-157.573641
69.000000	-81.051873	-157.969335
69.250000	-81.047012	-158.363857
69.500000	-81.042163	-158.757210
69.750000	-81.037328	-159.149398
70.000000	-81.032506	-159.540424
70.250000	-81.027698	-159.930292
70.500000	-81.022903	-160.319005
70.750000	-81.018121	-160.706566
71.000000	-81.013353	-161.092980
71.250000	-81.008598	-161.478248
71.500000	-81.003855	-161.862375
71.750000	-80.999127	-162.245363
72.000000	-80.994411	-162.627217
72.250000	-80.989708	-163.007940
72.500000	-80.985018	-163.387534
72.750000	-80.980341	-163.766003
73.000000	-80.975678	-164.143351
73.250000	-80.971027	-164.519580
73.500000	-80.966389	-164.894695
73.750000	-80.961764	-165.268698
74.000000	-80.957152	-165.641592
74.250000	-80.952552	-166.013381
74.500000	-80.947965	-166.384069
74.750000	-80.943392	-166.753657
75.000000	-80.938830	-167.122150
75.250000	-80.934282	-167.489551
75.500000	-80.929746	-167.855863
75.750000	-80.925223	-168.221088
76.000000	-80.920712	-168.585232
76.250000	-80.916214	-168.948295
76.500000	-80.911728	-169.310282
76.750000	-80.907255	-169.671197
77.000000	-80.902794	-170.031041
77.250000	-80.898346	-170.389818
77.500000	-80.893910	-170.747531
77.750000	-80.889486	-171.104184
78.000000	-80.885075	-171.459779
78.250000	-80.880676	-171.814320
78.500000	-80.876290	-172.167810
78.750000	-80.871915	-172.520251
79.000000	-80.867553	-172.871647
79.250000	-80.863203	-173.222001
79.500000	-80.858865	-173.571317
79.750000	-80.854539	-173.919596
80.000000	-80.850225	-174.266842
80.250000	-80.845923	-174.613058
80.500000	-80.841633	-174.958248
80.750000	-80.837355	-175.302413
81.000000	-80.833090	-175.645558
81.250000	-80.828836	-175.987685
81.500000	-80.824593	-176.328797
81.750000	-80.820363	-176.668897
82.000000	-80.816145	-177.007989
82.250000	-80.811938	-177.346074
82.500000	-80.807743	-177.683157
82.750000	-80.803560	-178.019239
83.000000	-80.799389	-178.354325
83.250000	-80.795229	-178.688416
83.500000	-80.791081	-179.021516
83.750000	-80.786944	-179.353628
84.000000	-80.782819	-179.684754
84.250000	-80.778706	-180.014898
84.500000	-80.774604	-180.344062
84.750000	-80.770513	-180.672250
85.000000	-80.766434	-180.999463
85.250000	-80.762367	-181.325706
85.500000	-80.758310	-181.650980
85.750000	-80.754266	-181.975289
86.000000	-80.750232	-182.298636
86.250000	-80.746210	-182.621023
86.500000	-80.742199	-182.942454
86.750000	-80.738199	-183.262930
87.000000	-80.734211	-183.582455
87.250000	-80.730234	-183.901032
87.500000	-80.726267	-184.218663
87.750000	-80.722312	-184.535351
88.000000	-80.718368	-184.851100
88.250000	-80.714436	-185.165911
88.500000	-80.710514	-185.479787
88.750000	-80.706603	-185.792732
89.000000	-80.702703	-186.104748
89.250000	-80.698814	-186.415837
89.500000	-80.694937	-186.726003
89.750000	-80.691069	-187.035249
90.000000	-80.687213	-187.343575
90.250000	-80.683368	-187.650987
90.500000	-80.679533	-187.957486
90.750000	-80.675710	-188.263075
91.000000	-80.671897	-188.567756
91.250000	-80.668094	-188.871533
91.500000	-80.664303	-189.174408
91.750000	-80.660522	-189.476383
92.000000	-80.656752	-189.777462
92.250000	-80.652992	-190.077646
92.500000	-80.649243	-190.376939
92.750000	-80.645505	-190.675343
93.000000	-80.641777	-190.972861
93.250000	-80.638059	-191.269496
93.500000	-80.634352	-191.565249
93.750000	-80.630655	-191.860124
94.000000	-80.626969	-192.154124
94.250000	-80.623294	-192.447250
94.500000	-80.619628	-192.739505
94.750000	-80.615973	-193.030892
95.000000	-80.612328	-193.321414
95.250000	-80.608694	-193.611073
95.500000	-80.605070	-193.899871
95.750000	-80.601456	-194.187812
96.000000	-80.597852	-194.474897
96.250000	-80.594258	-194.761129
96.500000	-80.590675	-195.046511
96.750000	-80.587101	-195.331045
97.000000	-80.583538	-195.614734
97.250000	-80.579985	-195.897579
97.500000	-80.576441	-196.179585
97.750000	-80.572908	-196.460753
98.000000	-80.569385	-196.741085
98.250000	-80.565872	-197.020584
98.500000	-80.562368	-197.299253
98.750000	-80.558875	-197.577093
99.000000	-80.555391	-197.854108
99.250000	-80.551918	-198.130300
99.500000	-80.548454	-198.405671
99.750000	-80.545000	-198.680224
100.000000	-80.541555	-198.953961
100.250000	-80.538121	-199.226885
100.500000	-80.534696	-199.498997
100.750000	-80.531281	-199.770301
101.000000	-80.527875	-200.040798
101.250000	-80.524480	-200.310491
101.500000	-80.521093	-200.579383
101.750000	-80.517717	-200.847476
102.000000	-80.514350	-201.114771
102.250000	-80.510992	-201.381272
102.500000	-80.507644	-201.646981
102.750000	-80.504306	-201.911901
103.000000	-80.500976	-202.176032
103.250000	-80.497657	-202.439379
103.500000	-80.494347	-202.701943
103.750000	-80.491046	-202.963726
104.000000	-80.487754	-203.224731
104.250000	-80.484472	-203.484960
104.500000	-80.481199	-203.744415
104.750000	-80.477936	-204.003099
105.000000	-80.474681	-204.261014
105.250000	-80.471436	-204.518162
105.500000	-80.468201	-204.774545
105.750000	-80.464974	-205.030166
106.000000	-80.461756	-205.285027
106.250000	-80.458548	-205.539131
106.500000	-80.455349	-205.792478
106.750000	-80.452159	-206.045073
107.000000	-80.448978	-206.296916
107.250000	-80.445805	-206.548010
107.500000	-80.442642	-206.798358
107.750000	-80.439488	-207.047961
108.000000	-80.436343	-207.296822
108.250000	-80.433207	-207.544943
108.500000	-80.430080	-207.792326
108.750000	-80.426962	-208.038973
109.000000	-80.423852	-208.284887
109.250000	-80.420751	-208.530069
109.500000	-80.417660	-208.774522
109.750000	-80.414577	-209.018248
110.000000	-80.411502	-209.261249
110.250000	-80.408437	-209.503527
110.500000	-80.405380	-209.745085
110.750000	-80.402332	-209.985924
111.000000	-80.399293	-210.226046
111.250000	-80.396262	-210.465455
111.500000	-80.393240	-210.704151
111.750000	-80.390227	-210.942137
112.000000	-80.387222	-211.179415
112.250000	-80.384225	-211.415988
112.500000	-80.381238	-211.651856
112.750000	-80.378258	-211.887023
113.000000	-80.375288	-212.121490
113.250000	-80.372325	-212.355259
113.500000	-80.369371	-212.588334
113.750000	-80.366426	-212.820714
114.000000	-80.363489	-213.052403
114.250000	-80.360560	-213.283403
114.500000	-80.357640	-213.513716
114.750000	-80.354728	-213.743343
115.000000	-80.351824	-213.972287
115.250000	-80.348929	-214.200549
115.500000	-80.346042	-214.428133
115.750000	-80.343163	-214.655039
116.000000	-80.340292	-214.881270
116.250000	-80.337430	-215.106828
116.500000	-80.334576	-215.331715
116.750000	-80.331730	-215.555932
117.000000	-80.328892	-215.779482
117.250000	-80.326062	-216.002367
117.500000	-80.323240	-216.224588
117.750000	-80.320426	-216.446148
118.000000	-80.317621	-216.667049
118.250000	-80.314823	-216.887292
118.500000	-80.312033	-217.106879
118.750000	-80.309252	-217.325814
119.000000	-80.306478	-217.544096
119.250000	-80.303712	-217.761729
119.500000	-80.300954	-217.978713
119.750000	-80.298204	-218.195052
120.000000	-80.295462	-218.410748
120.250000	-78.667728	-218.625800
120.500000	-77.199123	-218.779276
120.750000	-75.865047	-218.877295
121.000000	-74.645750	-218.925041
121.250000	-73.525183	-218.926944
121.500000	-72.490159	-218.886821
121.750000	-71.529739	-218.807985
122.000000	-70.634765	-218.693330
122.250000	-69.797506	-218.545400
122.500000	-69.011392	-218.366443
122.750000	-68.270796	-218.158454
123.000000	-67.570870	-217.923213
123.250000	-66.907412	-217.662313
123.500000	-66.276761	-217.377185
123.750000	-65.675709	-217.069120
124.000000	-65.101431	-216.739287
124.250000	-64.551429	-216.197439
124.500000	-64.023723	-215.656945
124.750000	-63.516297	-215.117803
125.000000	-63.027345	-214.580008
125.250000	-62.555243	-214.043558
125.500000	-62.098525	-213.508449
125.750000	-61.655862	-212.974678
126.000000	-61.226042	-212.442241
126.250000	-60.807962	-211.911136
126.500000	-60.400609	-211.381358
126.750000	-60.003049	-210.852904
127.000000	-59.614422	-210.325772
127.250000	-59.233929	-209.799958
127.500000	-58.860826	-209.275458
127.750000	-58.494420	-208.752269
128.000000	-58.134058	-208.230389
128.250000	-57.779125	-207.709813
128.500000	-57.429041	-207.190538
128.750000	-57.083252	-206.672562
129.000000	-56.741232	-206.155880
129.250000	-56.402473	-205.640491
129.500000	-56.066489	-205.126389
129.750000	-55.732806	-204.613573
130.000000	-55.400965	-204.102039
130.250000	-55.070516	-203.591784
130.500000	-54.741016	-203.082805
130.750000	-54.412028	-202.575098
131.000000	-54.083118	-202.068660
131.250000	-53.753851	-201.563489
131.500000	-53.423791	-201.059580
131.750000	-53.092497	-200.556931
132.000000	-52.759524	-200.055539
132.250000	-52.424415	-199.555400
132.500000	-52.086704	-199.056511
132.750000	-51.745908	-198.558870
133.000000	-51.401532	-198.062473
133.250000	-51.053056	-197.567317
133.500000	-50.699940	-197.073398
133.750000	-50.341617	-196.580715
134.000000	-49.977490	-196.089263
134.250000	-49.606927	-195.599040
134.500000	-49.229258	-195.110042
134.750000	-48.843767	-194.622267
135.000000	-48.449691	-194.135711
135.250000	-48.046208	-193.650372
135.500000	-47.632435	-193.166246
135.750000	-47.207415	-192.683331
136.000000	-46.770112	-192.201622
136.250000	-46.319398	-191.721118
136.500000	-45.854041	-191.241815
136.750000	-45.372692	-190.763711
137.000000	-44.873867	-190.286802
137.250000	-44.355931	-189.811085
137.500000	-43.817075	-189.336557
137.750000	-43.255289	-188.863216
138.000000	-42.668333	-188.391057
138.250000	-42.053704	-187.920080
138.500000	-41.408591	-187.450280
138.750000	-40.729825	-186.981654
139.000000	-40.013823	-186.514200
139.250000	-39.256509	-186.047914
139.500000	-38.453234	-185.582795
139.750000	-37.598665	-185.118838
140.000000	-36.686653	-184.656040
140.250000	-35.710076	-184.194400
140.500000	-34.660630	-183.733914
140.750000	-33.528583	-183.274580
141.000000	-32.302446	-182.816393
141.250000	-30.968568	-182.359352
141.500000	-29.510599	-181.903454
141.750000	-27.908801	-181.448695
142.000000	-26.139124	-180.995073
142.250000	-24.171980	-180.542586
142.500000	-21.970568	-180.091229
142.750000	-19.488567	-179.641001
143.000000	-16.666892	-179.191899
143.250000	-13.429048	-178.743919
143.500000	-9.674329	-178.297059
143.750000	-5.267625	-177.851316
144.000000	-0.023693	-177.406688
144.250000	6.317854	-176.963171
144.500000	17.392054	-176.520763
144.750000	-42.392054	-166.079462
145.000000	-41.791534	-165.664263
145.250000	-41.160526	-165.250102
145.500000	-40.495902	-164.836977
145.750000	-39.794118	-164.424885
146.000000	-39.051149	-164.013822
146.250000	-38.262400	-163.603788
146.500000	-37.422601	-163.194778
146.750000	-36.525677	-162.786791
147.000000	-35.564593	-162.379824
147.250000	-34.531148	-161.973875
147.500000	-33.415733	-161.568940
147.750000	-32.207010	-161.165018
148.000000	-30.891513	-160.762105
148.250000	-29.453122	-160.360200
148.500000	-27.872386	-159.959300
148.750000	-26.125622	-159.559401
149.000000	-24.183713	-159.160503
149.250000	-22.010476	-158.762602
149.500000	-19.560405	-158.365695
149.750000	-16.775518	-157.969781
150.000000	-13.580834	-157.574856
150.250000	-9.877771	-157.180919
150.500000	-5.534264	-156.787967
150.750000	-0.369560	-156.395997
151.000000	5.869904	-156.005007
151.250000	19.477404	-155.614994
151.500000	-44.477404	-145.225957
151.750000	-43.999422	-144.862892
152.000000	-43.501318	-144.500735
152.250000	-42.981252	-144.139483
152.500000	-42.437178	-143.779134
152.750000	-41.866805	-143.419686
153.000000	-41.267568	-143.061137
153.250000	-40.636583	-142.703484
153.500000	-39.970588	-142.346726
153.750000	-39.265888	-141.990859
154.000000	-38.518275	-141.635882
154.250000	-37.722935	-141.281792
154.500000	-36.874339	-140.928588
154.750000	-35.966099	-140.576266
155.000000	-34.990800	-140.224825
155.250000	-33.939783	-139.874263
155.500000	-32.802875	-139.524578
155.750000	-31.568044	-139.175766
156.000000	-30.220961	-138.827827
156.250000	-28.744425	-138.480757
156.500000	-27.117614	-138.134555
156.750000	-25.315090	-137.789219
157.000000	-23.305466	-137.444746
157.250000	-21.049573	-137.101134
157.500000	-18.497934	-136.758381
157.750000	-15.587184	-136.416485
158.000000	-12.234924	-136.075444
158.250000	-8.332126	-135.735255
158.500000	-3.731676	-135.395917
158.750000	1.769451	-135.057428
159.000000	8.458814	-134.719784
159.250000	21.595297	-134.382984
159.500000	-46.595297	-124.047027
159.750000	-46.223960	-123.736909
160.000000	-45.840252	-123.427567
160.250000	-45.443165	-123.118998
160.500000	-45.031600	-122.811201
160.750000	-44.604348	-122.504173
161.000000	-44.160079	-122.197912
161.250000	-43.697324	-121.892418
161.500000	-43.214457	-121.587687
161.750000	-42.709675	-121.283717
162.000000	-42.180966	-120.980508
162.250000	-41.626085	-120.678057
162.500000	-41.042514	-120.376362
162.750000	-40.427421	-120.075421
163.000000	-39.777606	-119.775232
163.250000	-39.089445	-119.475794
163.500000	-38.358808	-119.177105
163.750000	-37.580979	-118.879162
164.000000	-36.750535	-118.581964
164.250000	-35.861222	-118.285509
164.500000	-34.905779	-117.989795
164.750000	-33.875736	-117.694821
165.000000	-32.761149	-117.400584
165.250000	-31.550265	-117.107082
165.500000	-30.229101	-116.814315
165.750000	-28.780888	-116.522279
166.000000	-27.185352	-116.230973
166.250000	-25.417754	-115.940396
166.500000	-23.447610	-115.650545
166.750000	-21.236940	-115.361418
167.000000	-18.737850	-115.073015
167.250000	-15.889121	-114.785332
167.500000	-12.611318	-114.498369
167.750000	-8.799594	-114.212123
168.000000	-4.312874	-113.926593
168.250000	1.042904	-113.641776
168.500000	7.541570	-113.357672
168.750000	23.720841	-113.074278
169.000000	-48.720841	-102.791592
169.250000	-48.438496	-102.534613
169.500000	-48.149221	-102.278276
169.750000	-47.852507	-102.022581
170.000000	-47.547805	-101.767524
170.250000	-47.234525	-101.513105
170.500000	-46.912029	-101.259323
170.750000	-46.579624	-101.006174
171.000000	-46.236561	-100.753659
171.250000	-45.882023	-100.501775
171.500000	-45.515121	-100.250520
171.750000	-45.134882	-99.999894
172.000000	-44.740241	-99.749894
172.250000	-44.330028	-99.500519
172.500000	-43.902956	-99.251768
172.750000	-43.457602	-99.003639
173.000000	-42.992394	-98.756130
173.250000	-42.505583	-98.509239
173.500000	-41.995226	-98.262966
173.750000	-41.459149	-98.017309
174.000000	-40.894918	-97.772266
174.250000	-40.299796	-97.527835
174.500000	-39.670694	-97.284015
174.750000	-39.004114	-97.040805
175.000000	-38.296076	-96.798203
175.250000	-37.542036	-96.556208
175.500000	-36.736780	-96.314817
175.750000	-35.874296	-96.074030
176.000000	-34.947618	-95.833845
176.250000	-33.948630	-95.594261
176.500000	-32.867817	-95.355275
176.750000	-31.693956	-95.116887
177.000000	-30.413716	-94.879094
177.250000	-29.011147	-94.641897
177.500000	-27.467003	-94.405292
177.750000	-25.757865	-94.169279
178.000000	-23.854948	-93.933856
178.250000	-21.722502	-93.699021
178.500000	-19.315595	-93.464773
178.750000	-16.577010	-93.231111
179.000000	-13.432819	-92.998034
179.250000	-9.785911	-92.765539
179.500000	-5.506326	-92.533625
179.750000	-0.416411	-92.302291
180.000000	5.732703	-92.071535
180.250000	13.299714	-91.841356
180.500000	25.861728	-91.611753
180.750000	-50.861728	-81.382723
181.000000	-50.650749	-81.179267
181.250000	-50.436443	-80.976318
181.500000	-50.218570	-80.773878
181.750000	-49.996879	-80.571943
182.000000	-49.771101	-80.370513
182.250000	-49.540955	-80.169587
182.500000	-49.306141	-79.969163
182.750000	-49.066339	-79.769240
183.000000	-48.821211	-79.569817
183.250000	-48.570394	-79.370892
183.500000	-48.313501	-79.172465
183.750000	-48.050117	-78.974534
184.000000	-47.779797	-78.777097
184.250000	-47.502063	-78.580155
184.500000	-47.216399	-78.383704
184.750000	-46.922251	-78.187745
185.000000	-46.619016	-77.992276
185.250000	-46.306044	-77.797295
185.500000	-45.982628	-77.602802
185.750000	-45.647998	-77.408795
186.000000	-45.301317	-77.215273
186.250000	-44.941669	-77.022235
186.500000	-44.568052	-76.829679
186.750000	-44.179363	-76.637605
187.000000	-43.774394	-76.446011
187.250000	-43.351808	-76.254896
187.500000	-42.910129	-76.064259
187.750000	-42.447718	-75.874098
188.000000	-41.962756	-75.684413
188.250000	-41.453211	-75.495202
188.500000	-40.916811	-75.306464
188.750000	-40.351006	-75.118197
189.000000	-39.752922	-74.930402
189.250000	-39.119312	-74.743076
189.500000	-38.446491	-74.556218
189.750000	-37.730258	-74.369828
190.000000	-36.965808	-74.183903
190.250000	-36.147614	-73.998443
190.500000	-35.269291	-73.813447
190.750000	-34.323422	-73.628914
191.000000	-33.301345	-73.444841
191.250000	-32.192875	-73.261229
191.500000	-30.985969	-73.078076
191.750000	-29.666274	-72.895381
192.000000	-28.216559	-72.713143
192.250000	-26.615962	-72.531360
192.500000	-24.838991	-72.350031
192.750000	-22.854181	-72.169156
193.000000	-20.622262	-71.988733
193.250000	-18.093618	-71.808762
193.500000	-15.204695	-71.629240
193.750000	-11.872826	-71.450167
194.000000	-7.988607	-71.271541
194.250000	-3.404375	-71.093362
194.500000	2.083708	-70.915629
194.750000	8.764452	-70.738340
195.000000	17.059686	-70.561494
195.250000	27.979087	-70.385090
195.500000	-52.979087	-60.209127
195.750000	-52.820658	-60.058605
196.000000	-52.661085	-59.908458
196.250000	-52.500259	-59.758687
196.500000	-52.338063	-59.609290
196.750000	-52.174380	-59.460267
197.000000	-52.009086	-59.311616
197.250000	-51.842055	-59.163337
197.500000	-51.673156	-59.015429
197.750000	-51.502251	-58.867890
198.000000	-51.329197	-58.720721
198.250000	-51.153847	-58.573919
198.500000	-50.976044	-58.427484
198.750000	-50.795625	-58.281415
199.000000	-50.612420	-58.135712
199.250000	-50.426248	-57.990373
199.500000	-50.236922	-57.845397
199.750000	-50.044241	-57.700783
200.000000	-49.847996	-57.556531
200.250000	-49.647964	-57.412640
200.500000	-49.443910	-57.269108
200.750000	-49.235583	-57.125935
201.000000	-49.022719	-56.983121
201.250000	-48.805034	-56.840663
201.500000	-48.582228	-56.698561
201.750000	-48.353979	-56.556815
202.000000	-48.119944	-56.415423
202.250000	-47.879755	-56.274384
202.500000	-47.633016	-56.133698
202.750000	-47.379304	-55.993364
203.000000	-47.118162	-55.853381
203.250000	-46.849099	-55.713747
203.500000	-46.571582	-55.574463
203.750000	-46.285037	-55.435527
204.000000	-45.988842	-55.296938
204.250000	-45.682319	-55.158695
204.500000	-45.364732	-55.020799
204.750000	-45.035279	-54.883247
205.000000	-44.693084	-54.746039
205.250000	-44.337186	-54.609173
205.500000	-43.966534	-54.472651
205.750000	-43.579968	-54.336469
206.000000	-43.176213	-54.200628
206.250000	-42.753859	-54.065126
206.500000	-42.311341	-53.929963
206.750000	-41.846925	-53.795138
207.000000	-41.358674	-53.660651
207.250000	-40.844427	-53.526499
207.500000	-40.301758	-53.392683
207.750000	-39.727940	-53.259201
208.000000	-39.119895	-53.126053
208.250000	-38.474132	-52.993238
208.500000	-37.786682	-52.860755
208.750000	-37.053009	-52.728603
209.000000	-36.267909	-52.596781
209.250000	-35.425381	-52.465289
209.500000	-34.518468	-52.334126
209.750000	-33.539064	-52.203291
210.000000	-32.477666	-52.072783
210.250000	-31.323064	-51.942601
210.500000	-30.061941	-51.812744
210.750000	-28.678362	-51.683212
211.000000	-27.153101	-51.554004
211.250000	-25.462759	-51.425119
211.500000	-23.578580	-51.296557
211.750000	-21.464848	-51.168315
212.000000	-19.076675	-51.040394
212.250000	-16.356903	-50.912793
212.500000	-13.231685	-50.785511
212.750000	-9.604018	-50.658548
213.000000	-5.344105	-50.531901
213.250000	-0.274524	-50.405571
213.500000	5.853238	-50.279558
213.750000	13.397321	-50.153859
214.000000	30.009660	-50.028474
214.250000	-55.009660	-39.903403
214.500000	-54.884780	-39.803644
214.750000	-54.759999	-39.704135
215.000000	-54.635254	-39.604875
215.250000	-54.510482	-39.505863
215.500000	-54.385620	-39.407098
215.750000	-54.260606	-39.308580
216.000000	-54.135377	-39.210309
216.250000	-54.009869	-39.112283
216.500000	-53.884018	-39.014502
216.750000	-53.757759	-38.916966
217.000000	-53.631027	-38.819674
217.250000	-53.503754	-38.722624
217.500000	-53.375873	-38.625818
217.750000	-53.247315	-38.529253
218.000000	-53.118010	-38.432930
218.250000	-52.987885	-38.336848
218.500000	-52.856867	-38.241006
218.750000	-52.724879	-38.145403
219.000000	-52.591845	-38.050040
219.250000	-52.457684	-37.954915
219.500000	-52.322314	-37.860027
219.750000	-52.185649	-37.765377
220.000000	-52.047601	-37.670964
220.250000	-51.908079	-37.576786
220.500000	-51.766988	-37.482845
220.750000	-51.624230	-37.389137
221.000000	-51.479702	-37.295665
221.250000	-51.333297	-37.202425
221.500000	-51.184904	-37.109419
221.750000	-51.034408	-37.016646
222.000000	-50.881685	-36.924104
222.250000	-50.726609	-36.831794
222.500000	-50.569046	-36.739714
222.750000	-50.408854	-36.647865
223.000000	-50.245887	-36.556245
223.250000	-50.079989	-36.464855
223.500000	-49.910995	-36.373693
223.750000	-49.738731	-36.282758
224.000000	-49.563016	-36.192052
224.250000	-49.383654	-36.101571
224.500000	-49.200441	-36.011318
224.750000	-49.013157	-35.921289
225.000000	-48.821571	-35.831486
225.250000	-48.625435	-35.741907
225.500000	-48.424488	-35.652553
225.750000	-48.218447	-35.563421
226.000000	-48.007014	-35.474513
226.250000	-47.789867	-35.385826
226.500000	-47.566663	-35.297362
226.750000	-47.337032	-35.209118
227.000000	-47.100579	-35.121096
227.250000	-46.856876	-35.033293
227.500000	-46.605463	-34.945710
227.750000	-46.345845	-34.858345
228.000000	-46.077483	-34.771199
228.250000	-45.799796	-34.684271
228.500000	-45.512153	-34.597561
228.750000	-45.213868	-34.511067
229.000000	-44.904192	-34.424789
229.250000	-44.582311	-34.338727
229.500000	-44.247331	-34.252880
229.750000	-43.898275	-34.167248
230.000000	-43.534069	-34.081830
230.250000	-43.153532	-33.996626
230.500000	-42.755358	-33.911634
230.750000	-42.338106	-33.826855
231.000000	-41.900176	-33.742288
231.250000	-41.439787	-33.657932
231.500000	-40.954956	-33.573787
231.750000	-40.443462	-33.489853
232.000000	-39.902814	-33.406128
232.250000	-39.330207	-33.322613
232.500000	-38.722468	-33.239306
232.750000	-38.076003	-33.156208
233.000000	-37.386715	-33.073317
233.250000	-36.649917	-32.990634
233.500000	-35.860228	-32.908158
233.750000	-35.011431	-32.825887
234.000000	-34.096313	-32.743822
234.250000	-33.106455	-32.661963
234.500000	-32.031973	-32.580308
234.750000	-30.861187	-32.498857
235.000000	-29.580199	-32.417610
235.250000	-28.172344	-32.336566
235.500000	-26.617477	-32.255725
235.750000	-24.891022	-32.175085
236.000000	-22.962702	-32.094648
236.250000	-20.794807	-32.014411
236.500000	-18.339798	-31.934375
236.750000	-15.536940	-31.854539
237.000000	-12.307455	-31.774903
237.250000	-8.547430	-31.695465
237.500000	-4.117128	-31.616227
237.750000	1.175526	-31.537186
238.000000	7.601326	-31.458343
238.250000	15.553501	-31.379697
238.500000	31.877700	-31.301248
238.750000	-56.877700	-21.222995
239.000000	-56.769120	-21.169938
239.250000	-56.661398	-21.117013
239.500000	-56.554481	-21.064220
239.750000	-56.448318	-21.011560
240.000000	-56.342859	-20.959031
240.250000	-56.238053	-20.906633
240.500000	-56.133855	-20.854367
240.750000	-56.030215	-20.802231
241.000000	-55.927090	-20.750225
241.250000	-55.824433	-20.698349
241.500000	-55.722201	-20.646604
241.750000	-55.620349	-20.594987
242.000000	-55.518836	-20.543500
242.250000	-55.417618	-20.492141
242.500000	-55.316654	-20.440911
242.750000	-55.215903	-20.389808
243.000000	-55.115322	-20.338834
243.250000	-55.014872	-20.287987
243.500000	-54.914511	-20.237267
243.750000	-54.814200	-20.186674
244.000000	-54.713898	-20.136207
244.250000	-54.613564	-20.085866
244.500000	-54.513158	-20.035652
244.750000	-54.412639	-19.985563
245.000000	-54.311967	-19.935599
245.250000	-54.211101	-19.885760
245.500000	-54.109999	-19.836045
245.750000	-54.008620	-19.786455
246.000000	-53.906921	-19.736989
246.250000	-53.804860	-19.687646
246.500000	-53.702394	-19.638427
246.750000	-53.599478	-19.589331
247.000000	-53.496069	-19.540358
247.250000	-53.392120	-19.491507
247.500000	-53.287585	-19.442778
247.750000	-53.182417	-19.394171
248.000000	-53.076567	-19.345686
248.250000	-52.969985	-19.297322
248.500000	-52.862622	-19.249078
248.750000	-52.754424	-19.200956
249.000000	-52.645337	-19.152953
249.250000	-52.535307	-19.105071
249.500000	-52.424276	-19.057308
249.750000	-52.312186	-19.009665
250.000000	-52.198975	-18.962141
250.250000	-52.084581	-18.914735
250.500000	-51.968938	-18.867449
250.750000	-51.851979	-18.820280
251.000000	-51.733634	-18.773229
251.250000	-51.613829	-18.726296
251.500000	-51.492489	-18.679481
251.750000	-51.369534	-18.632782
252.000000	-51.244883	-18.586200
252.250000	-51.118448	-18.539734
252.500000	-50.990141	-18.493385
252.750000	-50.859866	-18.447152
253.000000	-50.727526	-18.401034
253.250000	-50.593016	-18.355031
253.500000	-50.456230	-18.309144
253.750000	-50.317051	-18.263371
254.000000	-50.175362	-18.217712
254.250000	-50.031036	-18.172168
254.500000	-49.883939	-18.126738
254.750000	-49.733933	-18.081421
255.000000	-49.580868	-18.036217
255.250000	-49.424589	-17.991127
255.500000	-49.264930	-17.946149
255.750000	-49.101715	-17.901283
256.000000	-48.934759	-17.856530
256.250000	-48.763864	-17.811889
256.500000	-48.588820	-17.767359
256.750000	-48.409404	-17.722941
257.000000	-48.225379	-17.678633
257.250000	-48.036490	-17.634437
257.500000	-47.842466	-17.590351
257.750000	-47.643017	-17.546375
258.000000	-47.437834	-17.502509
258.250000	-47.226583	-17.458753
258.500000	-47.008907	-17.415106
258.750000	-46.784423	-17.371568
259.000000	-46.552717	-17.328139
259.250000	-46.313344	-17.284819
259.500000	-46.065822	-17.241607
259.750000	-45.809631	-17.198503
260.000000	-45.544207	-17.155506
260.250000	-45.268939	-17.112618
260.500000	-44.983161	-17.069836
260.750000	-44.686149	-17.027162
261.000000	-44.377114	-16.984594
261.250000	-44.055192	-16.942132
261.500000	-43.719437	-16.899777
261.750000	-43.368810	-16.857527
262.000000	-43.002169	-16.815384
262.250000	-42.618254	-16.773345
262.500000	-42.215672	-16.731412
262.750000	-41.792880	-16.689583
263.000000	-41.348162	-16.647859
263.250000	-40.879606	-16.606240
263.500000	-40.385077	-16.564724
263.750000	-39.862180	-16.523312
264.000000	-39.308218	-16.482004
264.250000	-38.720152	-16.440799
264.500000	-38.094534	-16.399697
264.750000	-37.427445	-16.358698
265.000000	-36.714407	-16.317801
265.250000	-35.950284	-16.277006
265.500000	-35.129154	-16.236314
265.750000	-34.244158	-16.195723
266.000000	-33.287303	-16.155234
266.250000	-32.249227	-16.114846
266.500000	-31.118888	-16.074559
266.750000	-29.883180	-16.034372
267.000000	-28.526427	-15.994286
267.250000	-27.029734	-15.954301
267.500000	-25.370120	-15.914415
267.750000	-23.519367	-15.874629
268.000000	-21.442463	-15.834942
268.250000	-19.095453	-15.795355
268.500000	-16.422436	-15.755866
268.750000	-13.351284	-15.716477
269.000000	-9.787408	-15.677186
269.250000	-5.604454	-15.637993
269.500000	-0.630067	-15.598898
269.750000	5.376611	-15.559900
270.000000	12.761731	-15.521001
270.250000	33.455651	-15.482198
270.500000	-58.455651	-5.443493
270.750000	-58.349963	-5.429884
271.000000	-58.245731	-5.416309
271.250000	-58.142892	-5.402768
271.500000	-58.041383	-5.389262
271.750000	-57.941146	-5.375788
272.000000	-57.842126	-5.362349
272.250000	-57.744267	-5.348943
272.500000	-57.647519	-5.335571
272.750000	-57.551831	-5.322232
273.000000	-57.457154	-5.308926
273.250000	-57.363443	-5.295654
273.500000	-57.270652	-5.282415
273.750000	-57.178737	-5.269209
274.000000	-57.087657	-5.256036
274.250000	-56.997370	-5.242896
274.500000	-56.907837	-5.229788
274.750000	-56.819021	-5.216714
275.000000	-56.730882	-5.203672
275.250000	-56.643385	-5.190663
275.500000	-56.556496	-5.177686
275.750000	-56.470178	-5.164742
276.000000	-56.384399	-5.151830
276.250000	-56.299127	-5.138951
276.500000	-56.214327	-5.126103
276.750000	-56.129971	-5.113288
277.000000	-56.046025	-5.100505
277.250000	-55.962461	-5.087753
277.500000	-55.879249	-5.075034
277.750000	-55.796359	-5.062346
278.000000	-55.713763	-5.049691
278.250000	-55.631432	-5.037066
278.500000	-55.549338	-5.024474
278.750000	-55.467454	-5.011913
279.000000	-55.385752	-4.999383
279.250000	-55.304205	-4.986884
279.500000	-55.222786	-4.974417
279.750000	-55.141469	-4.961981
280.000000	-55.060227	-4.949576
280.250000	-54.979032	-4.937202
280.500000	-54.897860	-4.924859
280.750000	-54.816683	-4.912547
281.000000	-54.735475	-4.900266
281.250000	-54.654210	-4.888015
281.500000	-54.572861	-4.875795
281.750000	-54.491401	-4.863605
282.000000	-54.409804	-4.851446
282.250000	-54.328043	-4.839318
282.500000	-54.246091	-4.827220
282.750000	-54.163920	-4.815151
283.000000	-54.081503	-4.803114
283.250000	-53.998812	-4.791106
283.500000	-53.915818	-4.779128
283.750000	-53.832494	-4.767180
284.000000	-53.748809	-4.755262
284.250000	-53.664734	-4.743374
284.500000	-53.580238	-4.731516
284.750000	-53.495293	-4.719687
285.000000	-53.409865	-4.707888
285.250000	-53.323923	-4.696118
285.500000	-53.237434	-4.684378
285.750000	-53.150365	-4.672667
286.000000	-53.062682	-4.660985
286.250000	-52.974350	-4.649333
286.500000	-52.885331	-4.637709
286.750000	-52.795591	-4.626115
287.000000	-52.705089	-4.614550
287.250000	-52.613788	-4.603013
287.500000	-52.521646	-4.591506
287.750000	-52.428622	-4.580027
288.000000	-52.334673	-4.568577
288.250000	-52.239754	-4.557156
288.500000	-52.143820	-4.545763
288.750000	-52.046822	-4.534398
289.000000	-51.948712	-4.523062
289.250000	-51.849437	-4.511755
289.500000	-51.748946	-4.500475
289.750000	-51.647181	-4.489224
290.000000	-51.544087	-4.478001
290.250000	-51.439603	-4.466806
290.500000	-51.333666	-4.455639
290.750000	-51.226213	-4.444500
291.000000	-51.117174	-4.433389
291.250000	-51.006480	-4.422305
291.500000	-50.894056	-4.411249
291.750000	-50.779824	-4.400221
292.000000	-50.663704	-4.389221
292.250000	-50.545610	-4.378248
292.500000	-50.425454	-4.367302
292.750000	-50.303142	-4.356384
293.000000	-50.178576	-4.345493
293.250000	-50.051652	-4.334629
293.500000	-49.922261	-4.323792
293.750000	-49.790290	-4.312983
294.000000	-49.655616	-4.302201
294.250000	-49.518114	-4.291445
294.500000	-49.377647	-4.280716
294.750000	-49.234075	-4.270015
295.000000	-49.087245	-4.259340
295.250000	-48.937000	-4.248691
295.500000	-48.783169	-4.238070
295.750000	-48.625573	-4.227474
296.000000	-48.464022	-4.216906
296.250000	-48.298313	-4.206363
296.500000	-48.128230	-4.195847
296.750000	-47.953543	-4.185358
297.000000	-47.774006	-4.174894
297.250000	-47.589357	-4.164457
297.500000	-47.399317	-4.154046
297.750000	-47.203583	-4.143661
298.000000	-47.001835	-4.133302
298.250000	-46.793728	-4.122969
298.500000	-46.578888	-4.112661
298.750000	-46.356917	-4.102379
299.000000	-46.127383	-4.092124
299.250000	-45.889821	-4.081893
299.500000	-45.643728	-4.071689
299.750000	-45.388559	-4.061509
300.000000	-45.123723	-4.051356
300.250000	-44.848577	-4.041227
300.500000	-44.562422	-4.031124
300.750000	-44.264497	-4.021046
301.000000	-43.953969	-4.010994
301.250000	-43.629926	-4.000966
301.500000	-43.291367	-3.990964
301.750000	-42.937195	-3.980986
302.000000	-42.566196	-3.971034
302.250000	-42.177033	-3.961106
302.500000	-41.768225	-3.951204
302.750000	-41.338126	-3.941325
303.000000	-40.884906	-3.931472
303.250000	-40.406519	-3.921643
303.500000	-39.900678	-3.911839
303.750000	-39.364809	-3.902060
304.000000	-38.796013	-3.892305
304.250000	-38.191009	-3.882574
304.500000	-37.546072	-3.872867
304.750000	-36.856952	-3.863185
305.000000	-36.118782	-3.853527
305.250000	-35.325965	-3.843893
305.500000	-34.472024	-3.834284
305.750000	-33.549436	-3.824698
306.000000	-32.549402	-3.815136
306.250000	-31.461574	-3.805598
306.500000	-30.273702	-3.796084
306.750000	-28.971177	-3.786594
307.000000	-27.536445	-3.777128
307.250000	-25.948230	-3.767685
307.500000	-24.180509	-3.758266
307.750000	-22.201130	-3.748870
308.000000	-19.969912	-3.739498
308.250000	-17.436023	-3.730149
308.500000	-14.534256	-3.720824
308.750000	-11.179652	-3.711522
309.000000	-7.259567	-3.702243
309.250000	-2.621641	-3.692987
309.500000	2.944960	-3.683755
309.750000	9.739802	-3.674545
310.000000	18.201879	-3.665359
310.250000	34.635294	-3.656196
310.500000	-59.635294	6.352945
310.750000	-59.525264	6.337062
311.000000	-59.417229	6.321220
311.250000	-59.311107	6.305417
311.500000	-59.206817	6.289653
311.750000	-59.104285	6.273929
312.000000	-59.003437	6.258244
312.250000	-58.904205	6.242599
312.500000	-58.806522	6.226992
312.750000	-58.710327	6.211425
313.000000	-58.615558	6.195896
313.250000	-58.522158	6.180406
313.500000	-58.430073	6.164955
313.750000	-58.339248	6.149543
314.000000	-58.249634	6.134169
314.250000	-58.161181	6.118834
314.500000	-58.073844	6.103537
314.750000	-57.987576	6.088278
315.000000	-57.902335	6.073057
315.250000	-57.818079	6.057874
315.500000	-57.734769	6.042730
315.750000	-57.652364	6.027623
316.000000	-57.570829	6.012554
316.250000	-57.490126	5.997522
316.500000	-57.410221	5.982529
316.750000	-57.331081	5.967572
317.000000	-57.252673	5.952653
317.250000	-57.174965	5.937772
317.500000	-57.097926	5.922927
317.750000	-57.021527	5.908120
318.000000	-56.945739	5.893350
318.250000	-56.870534	5.878616
318.500000	-56.795884	5.863920
318.750000	-56.721764	5.849260
319.000000	-56.648146	5.834637
319.250000	-56.575007	5.820050
319.500000	-56.502321	5.805500
319.750000	-56.430064	5.790986
320.000000	-56.358212	5.776509
320.250000	-56.286743	5.762068
320.500000	-56.215635	5.747662
320.750000	-56.144864	5.733293
321.000000	-56.074409	5.718960
321.250000	-56.004249	5.704663
321.500000	-55.934363	5.690401
321.750000	-55.864729	5.676175
322.000000	-55.795329	5.661985
322.250000	-55.726142	5.647830
322.500000	-55.657147	5.633710
322.750000	-55.588325	5.619626
323.000000	-55.519658	5.605577
323.250000	-55.451124	5.591563
323.500000	-55.382707	5.577584
323.750000	-55.314386	5.563640
324.000000	-55.246143	5.549731
324.250000	-55.177959	5.535856
324.500000	-55.109815	5.522017
324.750000	-55.041694	5.508212
325.000000	-54.973575	5.494441
325.250000	-54.905442	5.480705
325.500000	-54.837275	5.467003
325.750000	-54.769056	5.453336
326.000000	-54.700766	5.439703
326.250000	-54.632386	5.426103
326.500000	-54.563899	5.412538
326.750000	-54.495284	5.399007
327.000000	-54.426523	5.385509
327.250000	-54.357597	5.372045
327.500000	-54.288487	5.358615
327.750000	-54.219173	5.345219
328.000000	-54.149635	5.331856
328.250000	-54.079854	5.318526
328.500000	-54.009808	5.305230
328.750000	-53.939479	5.291967
329.000000	-53.868845	5.278737
329.250000	-53.797884	5.265540
329.500000	-53.726576	5.252376
329.750000	-53.654898	5.239245
330.000000	-53.582828	5.226147
330.250000	-53.510344	5.213082
330.500000	-53.437423	5.200049
330.750000	-53.364039	5.187049
331.000000	-53.290170	5.174081
331.250000	-53.215791	5.161146
331.500000	-53.140876	5.148243
331.750000	-53.065398	5.135373
332.000000	-52.989332	5.122534
332.250000	-52.912650	5.109728
332.500000	-52.835323	5.096953
332.750000	-52.757322	5.084211
333.000000	-52.678618	5.071501
333.250000	-52.599180	5.058822
333.500000	-52.518976	5.046175
333.750000	-52.437973	5.033559
334.000000	-52.356137	5.020975
334.250000	-52.273433	5.008423
334.500000	-52.189825	4.995902
334.750000	-52.105276	4.983412
335.000000	-52.019746	4.970954
335.250000	-51.933196	4.958526
335.500000	-51.845583	4.946130
335.750000	-51.756865	4.933765
336.000000	-51.666997	4.921430
336.250000	-51.575931	4.909127
336.500000	-51.483619	4.896854
336.750000	-51.390010	4.884612
337.000000	-51.295052	4.872400
337.250000	-51.198689	4.860219
337.500000	-51.100864	4.848069
337.750000	-51.001518	4.835948
338.000000	-50.900587	4.823859
338.250000	-50.798006	4.811799
338.500000	-50.693708	4.799769
338.750000	-50.587619	4.787770
339.000000	-50.479666	4.775801
339.250000	-50.369768	4.763861
339.500000	-50.257845	4.751951
339.750000	-50.143809	4.740071
340.000000	-50.027569	4.728221
340.250000	-49.909029	4.716401
340.500000	-49.788089	4.704610
340.750000	-49.664641	4.692848
341.000000	-49.538575	4.681116
341.250000	-49.409772	4.669413
341.500000	-49.278108	4.657740
341.750000	-49.143450	4.646095
342.000000	-49.005659	4.634480
342.250000	-48.864588	4.622894
342.500000	-48.720080	4.611337
342.750000	-48.571970	4.599808
343.000000	-48.420080	4.588309
343.250000	-48.264225	4.576838
343.500000	-48.104205	4.565396
343.750000	-47.939807	4.553983
344.000000	-47.770807	4.542598
344.250000	-47.596963	4.531241
344.500000	-47.418017	4.519913
344.750000	-47.233694	4.508613
345.000000	-47.043699	4.497342
345.250000	-46.847715	4.486098
345.500000	-46.645403	4.474883
345.750000	-46.436398	4.463696
346.000000	-46.220307	4.452537
346.250000	-45.996707	4.441405
346.500000	-45.765140	4.430302
346.750000	-45.525113	4.419226
347.000000	-45.276090	4.408178
347.250000	-45.017491	4.397158
347.500000	-44.748687	4.386165
347.750000	-44.468990	4.375199
348.000000	-44.177655	4.364261
348.250000	-43.873864	4.353351
348.500000	-43.556724	4.342467
348.750000	-43.225255	4.331611
349.000000	-42.878380	4.320782
349.250000	-42.514914	4.309980
349.500000	-42.133547	4.299205
349.750000	-41.732829	4.288457
350.000000	-41.311154	4.277736
350.250000	-40.866732	4.267042
350.500000	-40.397568	4.256374
350.750000	-39.901426	4.245733
351.000000	-39.375799	4.235119
351.250000	-38.817862	4.224531
351.500000	-38.224419	4.213970
351.750000	-37.591847	4.203435
352.000000	-36.916013	4.192926
352.250000	-36.192193	4.182444
352.500000	-35.414954	4.171988
352.750000	-34.578021	4.161558
353.000000	-33.674109	4.151154
353.250000	-32.694710	4.140776
353.500000	-31.629835	4.130424
353.750000	-30.467668	4.120098
354.000000	-29.194148	4.109798
354.250000	-27.792401	4.099523
354.500000	-26.242019	4.089274
354.750000	-24.518087	4.079051
355.000000	-22.589892	4.068854
355.250000	-20.419148	4.058681
355.500000	-17.957551	4.048535
355.750000	-15.143325	4.038413
356.000000	-11.896264	4.028317
356.250000	-8.110435	4.018247
356.500000	-3.643196	4.008201
356.750000	1.701837	3.998180
357.000000	8.202036	3.988185
357.250000	16.261045	3.978215
357.500000	35.395835	3.968269
357.750000	-60.395835	13.958348
358.000000	-60.280053	13.923452
358.250000	-60.166699	13.888644
358.500000	-60.055670	13.853922
358.750000	-59.946868	13.819287
359.000000	-59.840199	13.784739
359.250000	-59.735575	13.750277
359.500000	-59.632912	13.715902
359.750000	-59.532129	13.681612
360.000000	-59.433150	13.647408
360.250000	-59.335904	13.613289
360.500000	-59.240320	13.579256
360.750000	-59.146334	13.545308
361.000000	-59.053881	13.511445
361.250000	-58.962903	13.477666
361.500000	-58.873341	13.443972
361.750000	-58.785140	13.410362
362.000000	-58.698248	13.376836
362.250000	-58.612615	13.343394
362.500000	-58.528193	13.310035
362.750000	-58.444934	13.276760
363.000000	-58.362795	13.243569
363.250000	-58.281732	13.210460
363.500000	-58.201706	13.177433
363.750000	-58.122676	13.144490
364.000000	-58.044604	13.111629
364.250000	-57.967455	13.078850
364.500000	-57.891192	13.046152
364.750000	-57.815781	13.013537
365.000000	-57.741191	12.981003
365.250000	-57.667389	12.948551
365.500000	-57.594345	12.916179
365.750000	-57.522029	12.883889
366.000000	-57.450412	12.851679
366.250000	-57.379468	12.819550
366.500000	-57.309169	12.787501
366.750000	-57.239488	12.755532
367.000000	-57.170402	12.723643
367.250000	-57.101886	12.691834
367.500000	-57.033914	12.660105
367.750000	-56.966466	12.628455
368.000000	-56.899518	12.596883
368.250000	-56.833047	12.565391
368.500000	-56.767034	12.533978
368.750000	-56.701457	12.502643
369.000000	-56.636295	12.471386
369.250000	-56.571529	12.440208
369.500000	-56.507140	12.409107
369.750000	-56.443109	12.378084
370.000000	-56.379416	12.347139
370.250000	-56.316044	12.316271
370.500000	-56.252976	12.285481
370.750000	-56.190193	12.254767
371.000000	-56.127678	12.224130
371.250000	-56.065415	12.193570
371.500000	-56.003387	12.163086
371.750000	-55.941577	12.132678
372.000000	-55.879970	12.102346
372.250000	-55.818549	12.072091
372.500000	-55.757299	12.041910
372.750000	-55.696204	12.011806
373.000000	-55.635250	11.981776
373.250000	-55.574420	11.951822
373.500000	-55.513700	11.921942
373.750000	-55.453074	11.892137
374.000000	-55.392529	11.862407
374.250000	-55.332049	11.832751
374.500000	-55.271619	11.803169
374.750000	-55.211226	11.773661
375.000000	-55.150854	11.744227
375.250000	-55.090488	11.714866
375.500000	-55.030116	11.685579
375.750000	-54.969721	11.656365
376.000000	-54.909289	11.627224
376.250000	-54.848807	11.598156
376.500000	-54.788259	11.569161
376.750000	-54.727631	11.540238
377.000000	-54.666908	11.511387
377.250000	-54.606075	11.482609
377.500000	-54.545118	11.453902
377.750000	-54.484021	11.425268
378.000000	-54.422770	11.396704
378.250000	-54.361350	11.368213
378.500000	-54.299744	11.339792
378.750000	-54.237939	11.311443
379.000000	-54.175916	11.283164
379.250000	-54.113662	11.254956
379.500000	-54.051160	11.226819
379.750000	-53.988393	11.198752
380.000000	-53.925344	11.170755
380.250000	-53.861998	11.142828
380.500000	-53.798336	11.114971
380.750000	-53.734342	11.087183
381.000000	-53.669997	11.059465
381.250000	-53.605284	11.031817
381.500000	-53.540183	11.004237
381.750000	-53.474676	10.976727
382.000000	-53.408744	10.949285
382.250000	-53.342366	10.921912
382.500000	-53.275523	10.894607
382.750000	-53.208194	10.867370
383.000000	-53.140357	10.840202
383.250000	-53.071991	10.813101
383.500000	-53.003073	10.786069
383.750000	-52.933580	10.759103
384.000000	-52.863488	10.732206
384.250000	-52.792774	10.705375
384.500000	-52.721412	10.678612
384.750000	-52.649377	10.651915
385.000000	-52.576641	10.625285
385.250000	-52.503177	10.598722
385.500000	-52.428957	10.572225
385.750000	-52.353952	10.545795
386.000000	-52.278131	10.519430
386.250000	-52.201463	10.493132
386.500000	-52.123916	10.466899
386.750000	-52.045456	10.440732
387.000000	-51.966048	10.414630
387.250000	-51.885657	10.388593
387.500000	-51.804244	10.362622
387.750000	-51.721772	10.336715
388.000000	-51.638199	10.310873
388.250000	-51.553484	10.285096
388.500000	-51.467584	10.259384
388.750000	-51.380452	10.233735
389.000000	-51.292042	10.208151
389.250000	-51.202304	10.182630
389.500000	-51.111187	10.157174
389.750000	-51.018638	10.131781
390.000000	-50.924600	10.106451
390.250000	-50.829016	10.081185
390.500000	-50.731823	10.055982
390.750000	-50.632958	10.030842
391.000000	-50.532355	10.005765
391.250000	-50.429942	9.980751
391.500000	-50.325647	9.955799
391.750000	-50.219393	9.930909
392.000000	-50.111098	9.906082
392.250000	-50.000678	9.881317
392.500000	-49.888043	9.856614
392.750000	-49.773100	9.831972
393.000000	-49.655749	9.807392
393.250000	-49.535886	9.782874
393.500000	-49.413402	9.758417
393.750000	-49.288179	9.734021
394.000000	-49.160097	9.709685
394.250000	-49.029025	9.685411
394.500000	-48.894827	9.661198
394.750000	-48.757357	9.637045
395.000000	-48.616462	9.612952
395.250000	-48.471979	9.588920
395.500000	-48.323735	9.564947
395.750000	-48.171547	9.541035
396.000000	-48.015217	9.517183
396.250000	-47.854539	9.493390
396.500000	-47.689291	9.469656
396.750000	-47.519235	9.445982
397.000000	-47.344119	9.422367
397.250000	-47.163672	9.398811
397.500000	-46.977604	9.375314
397.750000	-46.785606	9.351876
398.000000	-46.587343	9.328496
398.250000	-46.382458	9.305175
398.500000	-46.170565	9.281912
398.750000	-45.951250	9.258707
399.000000	-45.724064	9.235560
399.250000	-45.488522	9.212471
399.500000	-45.244101	9.189440
399.750000	-44.990233	9.166467
400.000000	-44.726300	9.143550
400.250000	-44.451632	9.120692
400.500000	-44.165497	9.097890
400.750000	-43.867096	9.075145
401.000000	-43.555557	9.052457
401.250000	-43.229922	9.029826
401.500000	-42.889140	9.007252
401.750000	-42.532053	8.984733
402.000000	-42.157384	8.962272
402.250000	-41.763722	8.939866
402.500000	-41.349498	8.917516
402.750000	-40.912973	8.895222
403.000000	-40.452203	8.872984
403.250000	-39.965018	8.850802
403.500000	-39.448980	8.828675
403.750000	-38.901347	8.806603
404.000000	-38.319022	8.784587
404.250000	-37.698493	8.762625
404.500000	-37.035762	8.740719
404.750000	-36.326260	8.718867
405.000000	-35.564741	8.697070
405.250000	-34.745154	8.675327
405.500000	-33.860481	8.653639
405.750000	-32.902539	8.632005
406.000000	-31.861734	8.610425
406.250000	-30.726738	8.588899
406.500000	-29.484092	8.567426
406.750000	-28.117678	8.546008
407.000000	-26.608042	8.524643
407.250000	-24.931491	8.503331
407.500000	-23.058890	8.482073
407.750000	-20.954023	8.460868
408.000000	-18.571342	8.439716
408.250000	-15.852798	8.418616
408.500000	-12.723314	8.397570
408.750000	-9.084175	8.376576
409.000000	-4.803119	8.355634
409.250000	0.300890	8.334745
409.500000	6.481848	8.313908
409.750000	14.106491	8.293124
410.000000	35.825171	8.272391
410.250000	-60.825171	18.251710
410.500000	-60.705120	18.206081
410.750000	-60.587781	18.160565
411.000000	-60.473035	18.115164
411.250000	-60.360771	18.069876
411.500000	-60.250883	18.024701
411.750000	-60.143270	17.979640
412.000000	-60.037838	17.934690
412.250000	-59.934497	17.889854
412.500000	-59.833161	17.845129
412.750000	-59.733748	17.800516
413.000000	-59.636182	17.756015
413.250000	-59.540389	17.711625
413.500000	-59.446298	17.667346
413.750000	-59.353843	17.623178
414.000000	-59.262960	17.579120
414.250000	-59.173588	17.535172
414.500000	-59.085670	17.491334
414.750000	-58.999148	17.447606
415.000000	-58.913972	17.403987
415.250000	-58.830088	17.360477
415.500000	-58.747450	17.317075
415.750000	-58.666009	17.273783
416.000000	-58.585722	17.230598
416.250000	-58.506546	17.187522
416.500000	-58.428438	17.144553
416.750000	-58.351361	17.101692
417.000000	-58.275274	17.058937
417.250000	-58.200143	17.016290
417.500000	-58.125932	16.973749
417.750000	-58.052606	16.931315
418.000000	-57.980133	16.888987
418.250000	-57.908482	16.846764
418.500000	-57.837622	16.804647
418.750000	-57.767524	16.762636
419.000000	-57.698159	16.720729
419.250000	-57.629500	16.678927
419.500000	-57.561520	16.637230
419.750000	-57.494193	16.595637
420.000000	-57.427496	16.554148
420.250000	-57.361403	16.512762
420.500000	-57.295892	16.471480
420.750000	-57.230939	16.430302
421.000000	-57.166523	16.389226
421.250000	-57.102621	16.348253
421.500000	-57.039215	16.307382
421.750000	-56.976282	16.266614
422.000000	-56.913804	16.225947
422.250000	-56.851761	16.185382
422.500000	-56.790135	16.144919
422.750000	-56.728907	16.104557
423.000000	-56.668059	16.064295
423.250000	-56.607575	16.024135
423.500000	-56.547436	15.984074
423.750000	-56.487627	15.944114
424.000000	-56.428131	15.904254
424.250000	-56.368933	15.864493
424.500000	-56.310015	15.824832
424.750000	-56.251364	15.785270
425.000000	-56.192964	15.745807
425.250000	-56.134800	15.706442
425.500000	-56.076857	15.667176
425.750000	-56.019122	15.628008
426.000000	-55.961580	15.588938
426.250000	-55.904217	15.549966
426.500000	-55.847019	15.511091
426.750000	-55.789973	15.472313
427.000000	-55.733065	15.433632
427.250000	-55.676282	15.395048
427.500000	-55.619612	15.356561
427.750000	-55.563039	15.318169
428.000000	-55.506553	15.279874
428.250000	-55.450140	15.241674
428.500000	-55.393787	15.203570
428.750000	-55.337481	15.165561
429.000000	-55.281210	15.127647
429.250000	-55.224961	15.089828
429.500000	-55.168723	15.052103
429.750000	-55.112481	15.014473
430.000000	-55.056224	14.976937
430.250000	-54.999938	14.939495
430.500000	-54.943613	14.902146
430.750000	-54.887234	14.864890
431.000000	-54.830790	14.827728
431.250000	-54.774267	14.790659
431.500000	-54.717654	14.753682
431.750000	-54.660936	14.716798
432.000000	-54.604102	14.680006
432.250000	-54.547139	14.643306
432.500000	-54.490033	14.606698
432.750000	-54.432771	14.570181
433.000000	-54.375340	14.533756
433.250000	-54.317727	14.497421
433.500000	-54.259918	14.461178
433.750000	-54.201899	14.425025
434.000000	-54.143656	14.388962
434.250000	-54.085176	14.352990
434.500000	-54.026443	14.317107
434.750000	-53.967444	14.281314
435.000000	-53.908163	14.245611
435.250000	-53.848586	14.209997
435.500000	-53.788697	14.174472
435.750000	-53.728481	14.139036
436.000000	-53.667921	14.103688
436.250000	-53.607002	14.068429
436.500000	-53.545706	14.033258
436.750000	-53.484018	13.998175
437.000000	-53.421919	13.963180
437.250000	-53.359393	13.928272
437.500000	-53.296420	13.893451
437.750000	-53.232982	13.858717
438.000000	-53.169061	13.824070
438.250000	-53.104636	13.789510
438.500000	-53.039688	13.755037
438.750000	-52.974196	13.720649
439.000000	-52.908140	13.686347
439.250000	-52.841496	13.652131
439.500000	-52.774243	13.618001
439.750000	-52.706357	13.583956
440.000000	-52.637815	13.549996
440.250000	-52.568593	13.516121
440.500000	-52.498665	13.482331
440.750000	-52.428004	13.448625
441.000000	-52.356585	13.415004
441.250000	-52.284378	13.381466
441.500000	-52.211356	13.348012
441.750000	-52.137488	13.314642
442.000000	-52.062743	13.281356
442.250000	-51.987090	13.248152
442.500000	-51.910495	13.215032
442.750000	-51.832924	13.181994
443.000000	-51.754340	13.149039
443.250000	-51.674708	13.116167
443.500000	-51.593988	13.083376
443.750000	-51.512140	13.050668
444.000000	-51.429123	13.018041
444.250000	-51.344894	12.985496
444.500000	-51.259406	12.953032
444.750000	-51.172613	12.920650
445.000000	-51.084466	12.888348
445.250000	-50.994914	12.856127
445.500000	-50.903903	12.823987
445.750000	-50.811376	12.791927
446.000000	-50.717277	12.759947
446.250000	-50.621544	12.728047
446.500000	-50.524112	12.696227
446.750000	-50.424915	12.664487
447.000000	-50.323883	12.632825
447.250000	-50.220942	12.601243
447.500000	-50.116015	12.569740
447.750000	-50.009020	12.538316
448.000000	-49.899873	12.506970
448.250000	-49.788484	12.475703
448.500000	-49.674759	12.444513
448.750000	-49.558599	12.413402
449.000000	-49.439898	12.382369
449.250000	-49.318546	12.351413
449.500000	-49.194428	12.320534
449.750000	-49.067419	12.289733
450.000000	-48.937390	12.259009
450.250000	-48.804203	12.228361
450.500000	-48.667713	12.197790
450.750000	-48.527764	12.167296
451.000000	-48.384194	12.136877
451.250000	-48.236827	12.106535
451.500000	-48.085479	12.076269
451.750000	-47.929954	12.046078
452.000000	-47.770040	12.015963
452.250000	-47.605515	11.985923
452.500000	-47.436141	11.955958
452.750000	-47.261662	11.926068
453.000000	-47.081806	11.896253
453.250000	-46.896280	11.866513
453.500000	-46.704773	11.836846
453.750000	-46.506948	11.807254
454.000000	-46.302443	11.777736
454.250000	-46.090870	11.748292
454.500000	-45.871810	11.718921
454.750000	-45.644811	11.689624
455.000000	-45.409384	11.660400
455.250000	-45.165000	11.631249
455.500000	-44.911084	11.602171
455.750000	-44.647014	11.573165
456.000000	-44.372112	11.544232
456.250000	-44.085639	11.515372
456.500000	-43.786786	11.486583
456.750000	-43.474672	11.457867
457.000000	-43.148328	11.429222
457.250000	-42.806690	11.400649
457.500000	-42.448588	11.372147
457.750000	-42.072727	11.343717
458.000000	-41.677678	11.315358
458.250000	-41.261853	11.287069
458.500000	-40.823489	11.258852
458.750000	-40.360616	11.230705
459.000000	-39.871031	11.202628
459.250000	-39.352263	11.174621
459.500000	-38.801528	11.146685
459.750000	-38.215680	11.118818
460.000000	-37.591152	11.091021
460.250000	-36.923879	11.063293
460.500000	-36.209216	11.035635
460.750000	-35.441824	11.008046
461.000000	-34.615539	10.980526
461.250000	-33.723212	10.953075
461.500000	-32.756500	10.925692
461.750000	-31.705611	10.898378
462.000000	-30.558977	10.871132
462.250000	-29.302838	10.843954
462.500000	-27.920705	10.816844
462.750000	-26.392650	10.789802
463.000000	-24.694376	10.762827
463.250000	-22.795968	10.735920
463.500000	-20.660188	10.709081
463.750000	-18.240129	10.682308
464.000000	-15.475906	10.655602
464.250000	-12.289917	10.628963
464.500000	-8.579901	10.602391
464.750000	-4.208503	10.575885
465.000000	1.012829	10.549445
465.250000	7.349516	10.523071
465.500000	15.186287	10.496764
465.750000	36.044435	10.470522
466.000000	-61.044435	20.444345
466.250000	-60.921920	20.393235
466.500000	-60.802273	20.342251
466.750000	-60.685368	20.291396
467.000000	-60.571085	20.240667
467.250000	-60.459312	20.190066
467.500000	-60.349942	20.139591
467.750000	-60.242872	20.089242
468.000000	-60.138008	20.039018
468.250000	-60.035259	19.988921
468.500000	-59.934537	19.938949
468.750000	-59.835762	19.889101
469.000000	-59.738854	19.839378
469.250000	-59.643740	19.789780
469.500000	-59.550348	19.740306
469.750000	-59.458612	19.690955
470.000000	-59.368468	19.641727
470.250000	-59.279853	19.592623
470.500000	-59.192709	19.543642
470.750000	-59.106981	19.494782
471.000000	-59.022615	19.446045
471.250000	-58.939560	19.397430
471.500000	-58.857766	19.348937
471.750000	-58.777188	19.300564
472.000000	-58.697779	19.252313
472.250000	-58.619497	19.204182
472.500000	-58.542301	19.156172
472.750000	-58.466151	19.108281
473.000000	-58.391008	19.060511
473.250000	-58.316835	19.012859
473.500000	-58.243599	18.965327
473.750000	-58.171263	18.917914
474.000000	-58.099797	18.870619
474.250000	-58.029168	18.823443
474.500000	-57.959345	18.776384
474.750000	-57.890300	18.729443
475.000000	-57.822004	18.682619
475.250000	-57.754430	18.635913
475.500000	-57.687551	18.589323
475.750000	-57.621342	18.542850
476.000000	-57.555778	18.496493
476.250000	-57.490835	18.450251
476.500000	-57.426489	18.404126
476.750000	-57.362718	18.358115
477.000000	-57.299501	18.312220
477.250000	-57.236816	18.266440
477.500000	-57.174642	18.220774
477.750000	-57.112960	18.175222
478.000000	-57.051750	18.129784
478.250000	-56.990993	18.084459
478.500000	-56.930670	18.039248
478.750000	-56.870764	17.994150
479.000000	-56.811258	17.949164
479.250000	-56.752133	17.904292
479.500000	-56.693373	17.859531
479.750000	-56.634963	17.814882
480.000000	-56.576885	17.770345
480.250000	-56.519125	17.725919
480.500000	-56.461667	17.681604
480.750000	-56.404496	17.637400
481.000000	-56.347597	17.593307
481.250000	-56.290957	17.549323
481.500000	-56.234560	17.505450
481.750000	-56.178394	17.461686
482.000000	-56.122444	17.418032
482.250000	-56.066697	17.374487
482.500000	-56.011139	17.331051
482.750000	-55.955758	17.287723
483.000000	-55.900541	17.244504
483.250000	-55.845474	17.201393
483.500000	-55.790546	17.158389
483.750000	-55.735745	17.115493
484.000000	-55.681056	17.072705
484.250000	-55.626469	17.030023
484.500000	-55.571972	16.987448
484.750000	-55.517552	16.944979
485.000000	-55.463198	16.902617
485.250000	-55.408897	16.860360
485.500000	-55.354638	16.818209
485.750000	-55.300409	16.776164
486.000000	-55.246199	16.734223
486.250000	-55.191995	16.692388
486.500000	-55.137787	16.650657
486.750000	-55.083562	16.609030
487.000000	-55.029310	16.567508
487.250000	-54.975017	16.526089
487.500000	-54.920674	16.484774
487.750000	-54.866267	16.443562
488.000000	-54.811786	16.402453
488.250000	-54.757218	16.361447
488.500000	-54.702552	16.320543
488.750000	-54.647776	16.279742
489.000000	-54.592877	16.239042
489.250000	-54.537845	16.198445
489.500000	-54.482665	16.157949
489.750000	-54.427328	16.117554
490.000000	-54.371819	16.077260
490.250000	-54.316126	16.037067
490.500000	-54.260237	15.996974
490.750000	-54.204139	15.956982
491.000000	-54.147818	15.917089
491.250000	-54.091262	15.877296
491.500000	-54.034457	15.837603
491.750000	-53.977389	15.798009
492.000000	-53.920046	15.758514
492.250000	-53.862411	15.719118
492.500000	-53.804472	15.679820
492.750000	-53.746213	15.640620
493.000000	-53.687620	15.601519
493.250000	-53.628677	15.562515
493.500000	-53.569369	15.523609
493.750000	-53.509680	15.484800
494.000000	-53.449594	15.446088
494.250000	-53.389094	15.407473
494.500000	-53.328163	15.368954
494.750000	-53.266785	15.330531
495.000000	-53.204940	15.292205
495.250000	-53.142610	15.253975
495.500000	-53.079778	15.215840
495.750000	-53.016423	15.177800
496.000000	-52.952527	15.139856
496.250000	-52.888067	15.102006
496.500000	-52.823024	15.064251
496.750000	-52.757376	15.026590
497.000000	-52.691100	14.989024
497.250000	-52.624175	14.951551
497.500000	-52.556575	14.914172
497.750000	-52.488277	14.876887
498.000000	-52.419256	14.839695
498.250000	-52.349485	14.802596
498.500000	-52.278938	14.765589
498.750000	-52.207586	14.728675
499.000000	-52.135402	14.691853
499.250000	-52.062355	14.655124
499.500000	-51.988414	14.618486
499.750000	-51.913548	14.581940
500.000000	-51.837723	14.545485
500.250000	-51.760905	14.509121
500.500000	-51.683058	14.472848
500.750000	-51.604145	14.436666
501.000000	-51.524127	14.400575
501.250000	-51.442964	14.364573
501.500000	-51.360615	14.328662
501.750000	-51.277036	14.292840
502.000000	-51.192181	14.257108
502.250000	-51.106003	14.221465
502.500000	-51.018453	14.185912
502.750000	-50.929480	14.150447
503.000000	-50.839030	14.115071
503.250000	-50.747047	14.079783
503.500000	-50.653471	14.044583
503.750000	-50.558242	14.009472
504.000000	-50.461296	13.974448
504.250000	-50.362564	13.939512
504.500000	-50.261977	13.904663
504.750000	-50.159460	13.869902
505.000000	-50.054936	13.835227
505.250000	-49.948322	13.800639
505.500000	-49.839534	13.766137
505.750000	-49.728481	13.731722
506.000000	-49.615068	13.697393
506.250000	-49.499195	13.663149
506.500000	-49.380756	13.628991
506.750000	-49.259640	13.594919
507.000000	-49.135731	13.560932
507.250000	-49.008903	13.527029
507.500000	-48.879025	13.493212
507.750000	-48.745959	13.459479
508.000000	-48.609557	13.425830
508.250000	-48.469664	13.392265
508.500000	-48.326113	13.358785
508.750000	-48.178730	13.325388
509.000000	-48.027328	13.292074
509.250000	-47.871706	13.258844
509.500000	-47.711655	13.225697
509.750000	-47.546947	13.192633
510.000000	-47.377342	13.159651
510.250000	-47.202582	13.126752
510.500000	-47.022391	13.093935
510.750000	-46.836473	13.061200
511.000000	-46.644514	13.028547
511.250000	-46.446171	12.995976
511.500000	-46.241080	12.963486
511.750000	-46.028847	12.931077
512.000000	-45.809048	12.898750
512.250000	-45.581224	12.866503
512.500000	-45.344880	12.834336
512.750000	-45.099481	12.802251
513.000000	-44.844443	12.770245
513.250000	-44.579135	12.738319
513.500000	-44.302869	12.706474
513.750000	-44.014895	12.674707
514.000000	-43.714393	12.643021
514.250000	-43.400467	12.611413
514.500000	-43.072133	12.579885
514.750000	-42.728310	12.548435
515.000000	-42.367807	12.517064
515.250000	-41.989308	12.485771
515.500000	-41.591359	12.454557
515.750000	-41.172344	12.423420
516.000000	-40.730466	12.392362
516.250000	-40.263717	12.361381
516.500000	-39.769852	12.330477
516.750000	-39.246351	12.299651
517.000000	-38.690370	12.268902
517.250000	-38.098698	12.238230
517.500000	-37.467688	12.207634
517.750000	-36.793184	12.177115
518.000000	-36.070429	12.146672
518.250000	-35.293955	12.116306
518.500000	-34.457444	12.086015
518.750000	-33.553558	12.055800
519.000000	-32.573728	12.025660
519.250000	-31.507885	11.995596
519.500000	-30.344121	11.965607
519.750000	-29.068253	11.935693
520.000000	-27.663261	11.905854
520.250000	-26.108549	11.876089
520.500000	-24.378962	11.846399
520.750000	-22.443475	11.816783
521.000000	-20.263391	11.787241
521.250000	-17.789861	11.757773
521.500000	-14.960369	11.728379
521.750000	-11.693686	11.699058
522.000000	-7.882436	11.669810
522.250000	-3.381893	11.640636
522.500000	2.007414	11.611534
522.750000	8.567590	11.582505
523.000000	16.709789	11.553549
523.250000	36.149585	11.524665
523.500000	-61.149585	21.495853
523.750000	-61.025820	21.442114
524.000000	-60.905002	21.388508
524.250000	-60.787000	21.335037
524.500000	-60.671690	21.281700
524.750000	-60.558956	21.228495
525.000000	-60.448687	21.175424
525.250000	-60.340780	21.122485
525.500000	-60.235135	21.069679
525.750000	-60.131659	21.017005
526.000000	-60.030263	20.964463
526.250000	-59.930861	20.912051
526.500000	-59.833374	20.859771
526.750000	-59.737726	20.807622
527.000000	-59.643843	20.755603
527.250000	-59.551657	20.703714
527.500000	-59.461102	20.651954
527.750000	-59.372114	20.600325
528.000000	-59.284634	20.548824
528.250000	-59.198603	20.497452
528.500000	-59.113969	20.446208
528.750000	-59.030677	20.395093
529.000000	-58.948678	20.344105
529.250000	-58.867924	20.293245
529.500000	-58.788369	20.242511
529.750000	-58.709969	20.191905
530.000000	-58.632681	20.141425
530.250000	-58.556465	20.091072
530.500000	-58.481282	20.040844
530.750000	-58.407094	19.990742
531.000000	-58.333866	19.940765
531.250000	-58.261563	19.890913
531.500000	-58.190151	19.841186
531.750000	-58.119598	19.791583
532.000000	-58.049874	19.742104
532.250000	-57.980948	19.692749
532.500000	-57.912792	19.643517
532.750000	-57.845378	19.594408
533.000000	-57.778678	19.545422
533.250000	-57.712668	19.496559
533.500000	-57.647321	19.447817
533.750000	-57.582615	19.399198
534.000000	-57.518524	19.350700
534.250000	-57.455026	19.302323
534.500000	-57.392100	19.254067
534.750000	-57.329723	19.205932
535.000000	-57.267875	19.157917
535.250000	-57.206536	19.110022
535.500000	-57.145686	19.062247
535.750000	-57.085306	19.014592
536.000000	-57.025377	18.967055
536.250000	-56.965882	18.919638
536.500000	-56.906802	18.872338
536.750000	-56.848121	18.825158
537.000000	-56.789821	18.778095
537.250000	-56.731887	18.731149
537.500000	-56.674302	18.684322
537.750000	-56.617051	18.637611
538.000000	-56.560118	18.591017
538.250000	-56.503489	18.544539
538.500000	-56.447148	18.498178
538.750000	-56.391083	18.451932
539.000000	-56.335277	18.405803
539.250000	-56.279719	18.359788
539.500000	-56.224393	18.313889
539.750000	-56.169287	18.268104
540.000000	-56.114388	18.222434
540.250000	-56.059682	18.176878
540.500000	-56.005157	18.131435
540.750000	-55.950801	18.086107
541.000000	-55.896601	18.040891
541.250000	-55.842544	17.995789
541.500000	-55.788619	17.950800
541.750000	-55.734814	17.905923
542.000000	-55.681116	17.861158
542.250000	-55.627515	17.816505
542.500000	-55.573998	17.771964
542.750000	-55.520554	17.727534
543.000000	-55.467171	17.683215
543.250000	-55.413839	17.639007
543.500000	-55.360545	17.594910
543.750000	-55.307279	17.550922
544.000000	-55.254028	17.507045
544.250000	-55.200783	17.463277
544.500000	-55.147532	17.419619
544.750000	-55.094263	17.376070
545.000000	-55.040965	17.332630
545.250000	-54.987627	17.289298
545.500000	-54.934239	17.246075
545.750000	-54.880788	17.202960
546.000000	-54.827263	17.159953
546.250000	-54.773653	17.117053
546.500000	-54.719947	17.074260
546.750000	-54.666133	17.031574
547.000000	-54.612199	16.988995
547.250000	-54.558135	16.946523
547.500000	-54.503928	16.904157
547.750000	-54.449566	16.861896
548.000000	-54.395037	16.819741
548.250000	-54.340330	16.777692
548.500000	-54.285432	16.735748
548.750000	-54.230330	16.693909
549.000000	-54.175013	16.652174
549.250000	-54.119467	16.610543
549.500000	-54.063679	16.569017
549.750000	-54.007637	16.527594
550.000000	-53.951327	16.486275
550.250000	-53.894735	16.445060
550.500000	-53.837848	16.403947
550.750000	-53.780652	16.362937
551.000000	-53.723132	16.322030
551.250000	-53.665274	16.281225
551.500000	-53.607063	16.240522
551.750000	-53.548483	16.199920
552.000000	-53.489519	16.159421
552.250000	-53.430155	16.119022
552.500000	-53.370375	16.078725
552.750000	-53.310162	16.038528
553.000000	-53.249499	15.998431
553.250000	-53.188369	15.958435
553.500000	-53.126753	15.918539
553.750000	-53.064633	15.878743
554.000000	-53.001990	15.839046
554.250000	-52.938804	15.799448
554.500000	-52.875057	15.759950
554.750000	-52.810726	15.720550
555.000000	-52.745791	15.681249
555.250000	-52.680229	15.642045
555.500000	-52.614019	15.602940
555.750000	-52.547137	15.563933
556.000000	-52.479559	15.525023
556.250000	-52.411260	15.486211
556.500000	-52.342215	15.447495
556.750000	-52.272396	15.408876
557.000000	-52.201778	15.370354
557.250000	-52.130331	15.331928
557.500000	-52.058026	15.293598
557.750000	-51.984832	15.255364
558.000000	-51.910719	15.217226
558.250000	-51.835653	15.179183
558.500000	-51.759601	15.141235
558.750000	-51.682527	15.103382
559.000000	-51.604395	15.065623
559.250000	-51.525167	15.027959
559.500000	-51.444803	14.990389
559.750000	-51.363262	14.952914
560.000000	-51.280501	14.915531
560.250000	-51.196476	14.878242
560.500000	-51.111141	14.841047
560.750000	-51.024445	14.803944
561.000000	-50.936340	14.766934
561.250000	-50.846772	14.730017
561.500000	-50.755686	14.693192
561.750000	-50.663024	14.656459
562.000000	-50.568726	14.619818
562.250000	-50.472729	14.583268
562.500000	-50.374965	14.546810
562.750000	-50.275367	14.510443
563.000000	-50.173861	14.474167
563.250000	-50.070370	14.437982
563.500000	-49.964815	14.401887
563.750000	-49.857111	14.365882
564.000000	-49.747170	14.329967
564.250000	-49.634898	14.294142
564.500000	-49.520197	14.258407
564.750000	-49.402964	14.222761
565.000000	-49.283088	14.187204
565.250000	-49.160456	14.151736
565.500000	-49.034945	14.116357
565.750000	-48.906427	14.081066
566.000000	-48.774765	14.045863
566.250000	-48.639815	14.010748
566.500000	-48.501425	13.975722
566.750000	-48.359432	13.940782
567.000000	-48.213663	13.905930
567.250000	-48.063937	13.871165
567.500000	-47.910058	13.836488
567.750000	-47.751819	13.801896
568.000000	-47.588999	13.767392
568.250000	-47.421363	13.732973
568.500000	-47.248657	13.698641
568.750000	-47.070614	13.664394
569.000000	-46.886944	13.630233
569.250000	-46.697339	13.596158
569.500000	-46.501465	13.562167
569.750000	-46.298968	13.528262
570.000000	-46.089462	13.494441
570.250000	-45.872535	13.460705
570.500000	-45.647740	13.427053
570.750000	-45.414594	13.393486
571.000000	-45.172576	13.360002
571.250000	-44.921119	13.326602
571.500000	-44.659610	13.293285
571.750000	-44.387379	13.260052
572.000000	-44.103699	13.226902
572.250000	-43.807774	13.193835
572.500000	-43.498734	13.160850
572.750000	-43.175627	13.127948
573.000000	-42.837405	13.095128
573.250000	-42.482917	13.062390
573.500000	-42.110890	13.029734
573.750000	-41.719919	12.997160
574.000000	-41.308444	12.964667
574.250000	-40.874733	12.932255
574.500000	-40.416852	12.899925
574.750000	-39.932640	12.867675
575.000000	-39.419674	12.835506
575.250000	-38.875225	12.803417
575.500000	-38.296213	12.771408
575.750000	-37.679144	12.739480
576.000000	-37.020044	12.707631
576.250000	-36.314371	12.675862
576.500000	-35.556910	12.644173
576.750000	-34.741648	12.612562
577.000000	-33.861612	12.581031
577.250000	-32.908676	12.549578
577.500000	-31.873309	12.518204
577.750000	-30.744270	12.486909
578.000000	-29.508197	12.455691
578.250000	-28.149103	12.424552
578.500000	-26.647692	12.393491
578.750000	-24.980477	12.362507
579.000000	-23.118587	12.331601
579.250000	-21.026153	12.300772
579.500000	-18.658084	12.270020
579.750000	-15.956952	12.239345
580.000000	-12.848532	12.208746
580.250000	-9.235300	12.178225
580.500000	-4.986707	12.147779
580.750000	0.075767	12.117410
581.000000	6.202300	12.087116
581.250000	13.753634	12.056898
581.500000	23.267688	12.026756
581.750000	36.196670	11.996689
582.000000	-61.196670	21.966697
582.250000	-61.072331	21.911781
582.500000	-60.950974	21.857001
582.750000	-60.832467	21.802359
583.000000	-60.716685	21.747853
583.250000	-60.603509	21.693483
583.500000	-60.492827	21.639249
583.750000	-60.384534	21.585151
584.000000	-60.278529	21.531188
584.250000	-60.174717	21.477360
584.500000	-60.073008	21.423667
584.750000	-59.973317	21.370108
585.000000	-59.875562	21.316683
585.250000	-59.779665	21.263391
585.500000	-59.685554	21.210232
585.750000	-59.593158	21.157207
586.000000	-59.502411	21.104314
586.250000	-59.413248	21.051553
586.500000	-59.325608	20.998924
586.750000	-59.239435	20.946427
587.000000	-59.154673	20.894061
587.250000	-59.071268	20.841826
587.500000	-58.989170	20.789721
587.750000	-58.908330	20.737747
588.000000	-58.828702	20.685902
588.250000	-58.750241	20.634188
588.500000	-58.672905	20.582602
588.750000	-58.596653	20.531146
589.000000	-58.521445	20.479818
589.250000	-58.447244	20.428618
589.500000	-58.374013	20.377547
589.750000	-58.301717	20.326603
590.000000	-58.230322	20.275786
590.250000	-58.159797	20.225097
590.500000	-58.090110	20.174534
590.750000	-58.021230	20.124098
591.000000	-57.953130	20.073788
591.250000	-57.885780	20.023603
591.500000	-57.819154	19.973544
591.750000	-57.753226	19.923610
592.000000	-57.687970	19.873801
592.250000	-57.623362	19.824117
592.500000	-57.559378	19.774556
592.750000	-57.495995	19.725120
593.000000	-57.433192	19.675807
593.250000	-57.370946	19.626618
593.500000	-57.309236	19.577551
593.750000	-57.248043	19.528607
594.000000	-57.187346	19.479786
594.250000	-57.127127	19.431086
594.500000	-57.067367	19.382509
594.750000	-57.008047	19.334052
595.000000	-56.949150	19.285717
595.250000	-56.890658	19.237503
595.500000	-56.832556	19.189409
595.750000	-56.774826	19.141436
596.000000	-56.717453	19.093582
596.250000	-56.660421	19.045848
596.500000	-56.603714	18.998233
596.750000	-56.547318	18.950738
597.000000	-56.491218	18.903361
597.250000	-56.435400	18.856103
597.500000	-56.379849	18.808962
597.750000	-56.324553	18.761940
598.000000	-56.269496	18.715035
598.250000	-56.214667	18.668248
598.500000	-56.160051	18.621577
598.750000	-56.105637	18.575023
599.000000	-56.051411	18.528585
599.250000	-55.997360	18.482264
599.500000	-55.943474	18.436058
599.750000	-55.889739	18.389968
600.000000	-55.836143	18.343993
600.250000	-55.782674	18.298133
600.500000	-55.729322	18.252388
600.750000	-55.676074	18.206757
601.000000	-55.622918	18.161240
601.250000	-55.569843	18.115837
601.500000	-55.516839	18.070547
601.750000	-55.463893	18.025371
602.000000	-55.410994	17.980308
602.250000	-55.358132	17.935357
602.500000	-55.305294	17.890518
602.750000	-55.252471	17.845792
603.000000	-55.199651	17.801178
603.250000	-55.146823	17.756675
603.500000	-55.093975	17.712283
603.750000	-55.041098	17.668002
604.000000	-54.988180	17.623832
604.250000	-54.935209	17.579773
604.500000	-54.882175	17.535823
604.750000	-54.829067	17.491984
605.000000	-54.775874	17.448254
605.250000	-54.722584	17.404633
605.500000	-54.669186	17.361122
605.750000	-54.615668	17.317719
606.000000	-54.562020	17.274424
606.250000	-54.508229	17.231238
606.500000	-54.454285	17.188160
606.750000	-54.400174	17.145190
607.000000	-54.345886	17.102327
607.250000	-54.291408	17.059571
607.500000	-54.236729	17.016922
607.750000	-54.181835	16.974380
608.000000	-54.126714	16.931944
608.250000	-54.071353	16.889614
608.500000	-54.015741	16.847390
608.750000	-53.959862	16.805272
609.000000	-53.903705	16.763258
609.250000	-53.847256	16.721350
609.500000	-53.790500	16.679547
609.750000	-53.733423	16.637848
610.000000	-53.676012	16.596253
610.250000	-53.618252	16.554763
610.500000	-53.560127	16.513376
610.750000	-53.501622	16.472092
611.000000	-53.442722	16.430912
611.250000	-53.383410	16.389835
611.500000	-53.323671	16.348860
611.750000	-53.263487	16.307988
612.000000	-53.202841	16.267218
612.250000	-53.141715	16.226550
612.500000	-53.080092	16.185984
612.750000	-53.017952	16.145519
613.000000	-52.955277	16.105155
613.250000	-52.892047	16.064892
613.500000	-52.828241	16.024730
613.750000	-52.763839	15.984668
614.000000	-52.698819	15.944706
614.250000	-52.633159	15.904845
614.500000	-52.566836	15.865082
614.750000	-52.499827	15.825420
615.000000	-52.432107	15.785856
615.250000	-52.363651	15.746392
615.500000	-52.294433	15.707026
615.750000	-52.224427	15.667758
616.000000	-52.153604	15.628589
616.250000	-52.081936	15.589517
616.500000	-52.009392	15.550543
616.750000	-51.935943	15.511667
617.000000	-51.861556	15.472888
617.250000	-51.786197	15.434206
617.500000	-51.709833	15.395620
617.750000	-51.632427	15.357131
618.000000	-51.553942	15.318738
618.250000	-51.474340	15.280441
618.500000	-51.393580	15.242240
618.750000	-51.311620	15.204135
619.000000	-51.228417	15.166124
619.250000	-51.143925	15.128209
619.500000	-51.058097	15.090389
619.750000	-50.970883	15.052663
620.000000	-50.882231	15.015031
620.250000	-50.792088	14.977493
620.500000	-50.700397	14.940050
620.750000	-50.607098	14.902699
621.000000	-50.512132	14.865443
621.250000	-50.415432	14.828279
621.500000	-50.316930	14.791208
621.750000	-50.216557	14.754230
622.000000	-50.114237	14.717345
622.250000	-50.009893	14.680551
622.500000	-49.903441	14.643850
622.750000	-49.794796	14.607240
623.000000	-49.683867	14.570722
623.250000	-49.570558	14.534296
623.500000	-49.454768	14.497960
623.750000	-49.336391	14.461715
624.000000	-49.215315	14.425561
624.250000	-49.091422	14.389497
624.500000	-48.964586	14.353523
624.750000	-48.834676	14.317639
625.000000	-48.701550	14.281845
625.250000	-48.565062	14.246140
625.500000	-48.425052	14.210525
625.750000	-48.281356	14.174999
626.000000	-48.133794	14.139561
626.250000	-47.982179	14.104212
626.500000	-47.826310	14.068952
626.750000	-47.665972	14.033779
627.000000	-47.500938	13.998695
627.250000	-47.330965	13.963698
627.500000	-47.155791	13.928789
627.750000	-46.975139	13.893967
628.000000	-46.788710	13.859232
628.250000	-46.596183	13.824584
628.500000	-46.397216	13.790023
628.750000	-46.191438	13.755548
629.000000	-45.978450	13.721159
629.250000	-45.757825	13.686856
629.500000	-45.529098	13.652639
629.750000	-45.291768	13.618507
630.000000	-45.045292	13.584461
630.250000	-44.789080	13.550500
630.500000	-44.522492	13.516623
630.750000	-44.244832	13.482832
631.000000	-43.955338	13.449125
631.250000	-43.653180	13.415502
631.500000	-43.337449	13.381963
631.750000	-43.007146	13.348508
632.000000	-42.661175	13.315137
632.250000	-42.298325	13.281849
632.500000	-41.917262	13.248645
632.750000	-41.516507	13.215523
633.000000	-41.094417	13.182484
633.250000	-40.649165	13.149528
633.500000	-40.178709	13.116654
633.750000	-39.680764	13.083862
634.000000	-39.152760	13.051153
634.250000	-38.591804	13.018525
634.500000	-37.994620	12.985979
634.750000	-37.357486	12.953514
635.000000	-36.676162	12.921130
635.250000	-35.945787	12.888827
635.500000	-35.160772	12.856605
635.750000	-34.314653	12.824463
636.000000	-33.399916	12.792402
636.250000	-32.407779	12.760421
636.500000	-31.327913	12.728520
636.750000	-30.148088	12.696699
637.000000	-28.853724	12.664957
637.250000	-27.427300	12.633295
637.500000	-25.847584	12.601712
637.750000	-24.088609	12.570207
638.000000	-22.118294	12.538782
638.250000	-19.896554	12.507435
638.500000	-17.372685	12.476166
638.750000	-14.481650	12.444976
639.000000	-11.138733	12.413863
639.250000	-7.231629	12.382829
639.500000	-2.608473	12.351872
639.750000	2.940832	12.320992
640.000000	9.714710	12.290189
640.250000	18.150335	12.259464
640.500000	36.219824	12.228815
640.750000	-61.219824	22.198243
641.000000	-61.095200	22.142748
641.250000	-60.973575	22.087391
641.500000	-60.854817	22.032172
641.750000	-60.738800	21.977092
642.000000	-60.625403	21.922149
642.250000	-60.514516	21.867344
642.500000	-60.406030	21.812675
642.750000	-60.299846	21.758144
643.000000	-60.195867	21.703748
643.250000	-60.094002	21.649489
643.500000	-59.994166	21.595365
643.750000	-59.896277	21.541377
644.000000	-59.800257	21.487523
644.250000	-59.706031	21.433805
644.500000	-59.613530	21.380220
644.750000	-59.522686	21.326770
645.000000	-59.433435	21.273453
645.250000	-59.345716	21.220269
645.500000	-59.259471	21.167218
645.750000	-59.174644	21.114300
646.000000	-59.091182	21.061515
646.250000	-59.009033	21.008861
646.500000	-58.928149	20.956339
646.750000	-58.848484	20.903948
647.000000	-58.769992	20.851688
647.250000	-58.692631	20.799559
647.500000	-58.616360	20.747560
647.750000	-58.541138	20.695691
648.000000	-58.466928	20.643952
648.250000	-58.393694	20.592342
648.500000	-58.321400	20.540861
648.750000	-58.250013	20.489509
649.000000	-58.179500	20.438285
649.250000	-58.109829	20.387189
649.500000	-58.040971	20.336221
649.750000	-57.972896	20.285381
650.000000	-57.905577	20.234667
650.250000	-57.838985	20.184081
650.500000	-57.773096	20.133620
650.750000	-57.707883	20.083286
651.000000	-57.643321	20.033078
651.250000	-57.579388	19.982995
651.500000	-57.516061	19.933038
651.750000	-57.453316	19.883205
652.000000	-57.391132	19.833497
652.250000	-57.329489	19.783914
652.500000	-57.268366	19.734454
652.750000	-57.207743	19.685118
653.000000	-57.147601	19.635905
653.250000	-57.087922	19.586815
653.500000	-57.028686	19.537848
653.750000	-56.969878	19.489004
654.000000	-56.911478	19.440281
654.250000	-56.853471	19.391680
654.500000	-56.795840	19.343201
654.750000	-56.738569	19.294843
655.000000	-56.681642	19.246606
655.250000	-56.625044	19.198489
655.500000	-56.568761	19.150493
655.750000	-56.512777	19.102617
656.000000	-56.457078	19.054860
656.250000	-56.401651	19.007223
656.500000	-56.346481	18.959705
656.750000	-56.291554	18.912306
657.000000	-56.236858	18.865025
657.250000	-56.182380	18.817863
657.500000	-56.128106	18.770818
657.750000	-56.074025	18.723891
658.000000	-56.020122	18.677081
658.250000	-55.966387	18.630389
658.500000	-55.912808	18.583813
658.750000	-55.859371	18.537353
659.000000	-55.806066	18.491010
659.250000	-55.752880	18.444782
659.500000	-55.699802	18.398670
659.750000	-55.646821	18.352674
660.000000	-55.593925	18.306792
660.250000	-55.541103	18.261025
660.500000	-55.488344	18.215372
660.750000	-55.435636	18.169834
661.000000	-55.382969	18.124409
661.250000	-55.330331	18.079098
661.500000	-55.277712	18.033900
661.750000	-55.225100	17.988816
662.000000	-55.172484	17.943844
662.250000	-55.119855	17.898984
662.500000	-55.067200	17.854237
662.750000	-55.014509	17.809601
663.000000	-54.961770	17.765077
663.250000	-54.908974	17.720664
663.500000	-54.856108	17.676363
663.750000	-54.803162	17.632172
664.000000	-54.750125	17.588091
664.250000	-54.696985	17.544121
664.500000	-54.643731	17.500261
664.750000	-54.590353	17.456510
665.000000	-54.536838	17.412869
665.250000	-54.483175	17.369337
665.500000	-54.429352	17.325913
665.750000	-54.375358	17.282599
666.000000	-54.321181	17.239392
666.250000	-54.266809	17.196294
666.500000	-54.212229	17.153303
666.750000	-54.157430	17.110420
667.000000	-54.102398	17.067644
667.250000	-54.047121	17.024974
667.500000	-53.991586	16.982412
667.750000	-53.935781	16.939956
668.000000	-53.879690	16.897606
668.250000	-53.823302	16.855362
668.500000	-53.766602	16.813224
668.750000	-53.709576	16.771191
669.000000	-53.652210	16.729263
669.250000	-53.594488	16.687440
669.500000	-53.536397	16.645721
669.750000	-53.477919	16.604107
670.000000	-53.419041	16.562596
670.250000	-53.359746	16.521190
670.500000	-53.300016	16.479887
670.750000	-53.239836	16.438687
671.000000	-53.179188	16.397590
671.250000	-53.118054	16.356596
671.500000	-53.056417	16.315705
671.750000	-52.994256	16.274916
672.000000	-52.931554	16.234228
672.250000	-52.868290	16.193643
672.500000	-52.804443	16.153159
672.750000	-52.739994	16.112776
673.000000	-52.674920	16.072494
673.250000	-52.609198	16.032313
673.500000	-52.542807	15.992232
673.750000	-52.475722	15.952251
674.000000	-52.407918	15.912371
674.250000	-52.339371	15.872590
674.500000	-52.270053	15.832908
674.750000	-52.199939	15.793326
675.000000	-52.129000	15.753843
675.250000	-52.057207	15.714458
675.500000	-51.984530	15.675172
675.750000	-51.910938	15.635984
676.000000	-51.836399	15.596894
676.250000	-51.760878	15.557902
676.500000	-51.684341	15.519007
676.750000	-51.606753	15.480210
677.000000	-51.528075	15.441509
677.250000	-51.448268	15.402905
677.500000	-51.367292	15.364398
677.750000	-51.285105	15.325987
678.000000	-51.201661	15.287672
678.250000	-51.116916	15.249453
678.500000	-51.030821	15.211329
678.750000	-50.943327	15.173301
679.000000	-50.854380	15.135368
679.250000	-50.763927	15.097529
679.500000	-50.671910	15.059785
679.750000	-50.578270	15.022136
680.000000	-50.482945	14.984581
680.250000	-50.385868	14.947119
680.500000	-50.286971	14.909751
680.750000	-50.186183	14.872477
681.000000	-50.083428	14.835296
681.250000	-49.978627	14.798208
681.500000	-49.871696	14.761212
681.750000	-49.762549	14.724309
682.000000	-49.651092	14.687498
682.250000	-49.537230	14.650779
682.500000	-49.420860	14.614153
682.750000	-49.301874	14.577617
683.000000	-49.180159	14.541173
683.250000	-49.055594	14.504820
683.500000	-48.928053	14.468558
683.750000	-48.797402	14.432387
684.000000	-48.663498	14.396306
684.250000	-48.526191	14.360315
684.500000	-48.385321	14.324414
684.750000	-48.240718	14.288603
685.000000	-48.092203	14.252882
685.250000	-47.939584	14.217249
685.500000	-47.782657	14.181706
685.750000	-47.621204	14.146252
686.000000	-47.454993	14.110886
686.250000	-47.283778	14.075609
686.500000	-47.107292	14.040420
686.750000	-46.925253	14.005319
687.000000	-46.737356	13.970306
687.250000	-46.543277	13.935380
687.500000	-46.342664	13.900542
687.750000	-46.135140	13.865790
688.000000	-45.920301	13.831126
688.250000	-45.697708	13.796548
688.500000	-45.466888	13.762057
688.750000	-45.227331	13.727651
689.000000	-44.978480	13.693332
689.250000	-44.719735	13.659099
689.500000	-44.450441	13.624951
689.750000	-44.169886	13.590889
690.000000	-43.877292	13.556912
690.250000	-43.571809	13.523019
690.500000	-43.252505	13.489212
690.750000	-42.918360	13.455489
691.000000	-42.568247	13.421850
691.250000	-42.200927	13.388295
691.500000	-41.815030	13.354825
691.750000	-41.409037	13.321438
692.000000	-40.981260	13.288134
692.250000	-40.529820	13.254914
692.500000	-40.052616	13.221776
692.750000	-39.547295	13.188722
693.000000	-39.011209	13.155750
693.250000	-38.441371	13.122861
693.500000	-37.834398	13.090054
693.750000	-37.186445	13.057329
694.000000	-36.493121	13.024685
694.250000	-35.749392	12.992123
694.500000	-34.949461	12.959643
694.750000	-34.086612	12.927244
695.000000	-33.153032	12.894926
695.250000	-32.139570	12.862689
695.500000	-31.035450	12.830532
695.750000	-29.827889	12.798456
696.000000	-28.501617	12.766459
696.250000	-27.038246	12.734543
696.500000	-25.415445	12.702707
696.750000	-23.605831	12.670950
697.000000	-21.575482	12.639273
697.250000	-19.281885	12.607675
697.500000	-16.671077	12.576155
697.750000	-13.673584	12.544715
698.000000	-10.198520	12.513353
698.250000	-6.124816	12.482070
698.500000	-1.287852	12.450865
698.750000	4.541574	12.419738
699.000000	11.691448	12.388688
699.250000	20.646460	12.357716
699.500000	36.229601	12.326822
699.750000	-61.229601	22.296005
700.000000	-61.104855	22.240265
700.250000	-60.983117	22.184664
700.500000	-60.864252	22.129203
700.750000	-60.748135	22.073880
701.000000	-60.634645	22.018695
701.250000	-60.523670	21.963648
701.500000	-60.415102	21.908739
701.750000	-60.308842	21.853967
702.000000	-60.204792	21.799332
702.250000	-60.102861	21.744834
702.500000	-60.002964	21.690472
702.750000	-59.905017	21.636246
703.000000	-59.808944	21.582155
703.250000	-59.714670	21.528200
703.500000	-59.622124	21.474379
703.750000	-59.531239	21.420693
704.000000	-59.441951	21.367142
704.250000	-59.354198	21.313724
704.500000	-59.267922	21.260440
704.750000	-59.183067	21.207288
705.000000	-59.099580	21.154270
705.250000	-59.017410	21.101385
705.500000	-58.936507	21.048631
705.750000	-58.856826	20.996009
706.000000	-58.778321	20.943519
706.250000	-58.700949	20.891161
706.500000	-58.624669	20.838933
706.750000	-58.549441	20.786835
707.000000	-58.475227	20.734868
707.250000	-58.401992	20.683031
707.500000	-58.329698	20.631324
707.750000	-58.258314	20.579745
708.000000	-58.187805	20.528296
708.250000	-58.118141	20.476975
708.500000	-58.049292	20.425783
708.750000	-57.981228	20.374718
709.000000	-57.913921	20.323781
709.250000	-57.847344	20.272972
709.500000	-57.781470	20.222290
709.750000	-57.716275	20.171734
710.000000	-57.651733	20.121305
710.250000	-57.587821	20.071001
710.500000	-57.524517	20.020824
710.750000	-57.461796	19.970772
711.000000	-57.399639	19.920845
711.250000	-57.338023	19.871043
711.500000	-57.276929	19.821365
711.750000	-57.216337	19.771812
712.000000	-57.156228	19.722382
712.250000	-57.096582	19.673076
712.500000	-57.037382	19.623893
712.750000	-56.978610	19.574834
713.000000	-56.920249	19.525897
713.250000	-56.862282	19.477082
713.500000	-56.804692	19.428389
713.750000	-56.747463	19.379818
714.000000	-56.690581	19.331369
714.250000	-56.634029	19.283040
714.500000	-56.577793	19.234833
714.750000	-56.521857	19.186746
715.000000	-56.466209	19.138779
715.250000	-56.410833	19.090932
715.500000	-56.355715	19.043204
715.750000	-56.300843	18.995596
716.000000	-56.246204	18.948107
716.250000	-56.191783	18.900737
716.500000	-56.137568	18.853485
716.750000	-56.083547	18.806352
717.000000	-56.029706	18.759336
717.250000	-55.976035	18.712437
717.500000	-55.922520	18.665656
717.750000	-55.869150	18.618992
718.000000	-55.815913	18.572445
718.250000	-55.762797	18.526014
718.500000	-55.709791	18.479699
718.750000	-55.656883	18.433499
719.000000	-55.604062	18.387416
719.250000	-55.551316	18.341447
719.500000	-55.498635	18.295593
719.750000	-55.446008	18.249854
720.000000	-55.393422	18.204230
720.250000	-55.340868	18.158719
720.500000	-55.288334	18.113322
720.750000	-55.235809	18.068039
721.000000	-55.183283	18.022869
721.250000	-55.130744	17.977812
721.500000	-55.078182	17.932867
721.750000	-55.025586	17.888035
722.000000	-54.972945	17.843315
722.250000	-54.920248	17.798707
722.500000	-54.867483	17.754210
722.750000	-54.814641	17.709824
723.000000	-54.761710	17.665550
723.250000	-54.708678	17.621386
723.500000	-54.655535	17.577333
723.750000	-54.602269	17.533389
724.000000	-54.548870	17.489556
724.250000	-54.495325	17.445832
724.500000	-54.441623	17.402217
724.750000	-54.387752	17.358712
725.000000	-54.333700	17.315315
725.250000	-54.279457	17.272027
725.500000	-54.225008	17.228847
725.750000	-54.170343	17.185775
726.000000	-54.115449	17.142810
726.250000	-54.060312	17.099953
726.500000	-54.004921	17.057203
726.750000	-53.949262	17.014560
727.000000	-53.893322	16.972024
727.250000	-53.837088	16.929594
727.500000	-53.780545	16.887270
727.750000	-53.723680	16.845052
728.000000	-53.666479	16.802939
728.250000	-53.608926	16.760932
728.500000	-53.551007	16.719029
728.750000	-53.492706	16.677232
729.000000	-53.434009	16.635539
729.250000	-53.374899	16.593950
729.500000	-53.315359	16.552465
729.750000	-53.255374	16.511084
730.000000	-53.194925	16.469806
730.250000	-53.133996	16.428631
730.500000	-53.072568	16.387560
730.750000	-53.010622	16.346591
731.000000	-52.948140	16.305725
731.250000	-52.885102	16.264960
731.500000	-52.821488	16.224298
731.750000	-52.757276	16.183737
732.000000	-52.692446	16.143278
732.250000	-52.626976	16.102920
732.500000	-52.560842	16.062662
732.750000	-52.494021	16.022506
733.000000	-52.426490	15.982449
733.250000	-52.358222	15.942493
733.500000	-52.289192	15.902637
733.750000	-52.219373	15.862880
734.000000	-52.148738	15.823223
734.250000	-52.077258	15.783665
734.500000	-52.004902	15.744206
734.750000	-51.931641	15.704845
735.000000	-51.857443	15.665583
735.250000	-51.782274	15.626419
735.500000	-51.706099	15.587353
735.750000	-51.628884	15.548385
736.000000	-51.550590	15.509514
736.250000	-51.471180	15.470740
736.500000	-51.390614	15.432063
736.750000	-51.308848	15.393483
737.000000	-51.225841	15.354999
737.250000	-51.141546	15.316612
737.500000	-51.055917	15.278320
737.750000	-50.968903	15.240125
738.000000	-50.880454	15.202024
738.250000	-50.790515	15.164019
738.500000	-50.699030	15.126109
738.750000	-50.605941	15.088294
739.000000	-50.511186	15.050573
739.250000	-50.414700	15.012947
739.500000	-50.316417	14.975414
739.750000	-50.216264	14.937976
740.000000	-50.114168	14.900631
740.250000	-50.010051	14.863379
740.500000	-49.903831	14.826221
740.750000	-49.795422	14.789155
741.000000	-49.684733	14.752182
741.250000	-49.571670	14.715302
741.500000	-49.456130	14.678514
741.750000	-49.338009	14.641817
742.000000	-49.217195	14.605213
742.250000	-49.093570	14.568700
742.500000	-48.967009	14.532278
742.750000	-48.837381	14.495947
743.000000	-48.704545	14.459708
743.250000	-48.568354	14.423558
743.500000	-48.428651	14.387499
743.750000	-48.285270	14.351531
744.000000	-48.138035	14.315652
744.250000	-47.986756	14.279863
744.500000	-47.831235	14.244163
744.750000	-47.671257	14.208553
745.000000	-47.506597	14.173031
745.250000	-47.337011	14.137599
745.500000	-47.162241	14.102255
745.750000	-46.982007	14.066999
746.000000	-46.796015	14.031832
746.250000	-46.603944	13.996752
746.500000	-46.405452	13.961760
746.750000	-46.200172	13.926856
747.000000	-45.987707	13.892039
747.250000	-45.767629	13.857308
747.500000	-45.539477	13.822665
747.750000	-45.302752	13.788109
748.000000	-45.056914	13.753638
748.250000	-44.801376	13.719254
748.500000	-44.535502	13.684956
748.750000	-44.258596	13.650744
749.000000	-43.969904	13.616617
749.250000	-43.668599	13.582575
749.500000	-43.353776	13.548619
749.750000	-43.024443	13.514747
750.000000	-42.679508	13.480960
750.250000	-42.317770	13.447258
750.500000	-41.937901	13.413640
750.750000	-41.538432	13.380106
751.000000	-41.117729	13.346655
751.250000	-40.673978	13.313289
751.500000	-40.205149	13.280006
751.750000	-39.708974	13.246806
752.000000	-39.182902	13.213689
752.250000	-38.624058	13.180654
752.500000	-38.029190	13.147703
752.750000	-37.394608	13.114833
753.000000	-36.716102	13.082046
753.250000	-35.988853	13.049341
753.500000	-35.207317	13.016718
753.750000	-34.365088	12.984176
754.000000	-33.454718	12.951716
754.250000	-32.467510	12.919336
754.500000	-31.393233	12.887038
754.750000	-30.219783	12.854820
755.000000	-28.932733	12.822683
755.250000	-27.514756	12.790627
755.500000	-25.944867	12.758650
755.750000	-24.197414	12.726753
756.000000	-22.240724	12.694937
756.250000	-20.035252	12.663199
756.500000	-17.531014	12.631541
756.750000	-14.663954	12.599962
757.000000	-11.350711	12.568463
757.250000	-7.480900	12.537041
757.500000	-2.905442	12.505699
757.750000	2.581612	12.474435
758.000000	9.272303	12.443248
758.250000	17.593606	12.412140
758.500000	36.235016	12.381110
758.750000	-61.235016	22.350157
759.000000	-61.110203	22.294282
759.250000	-60.988401	22.238546
759.500000	-60.869478	22.182950
759.750000	-60.753305	22.127492
760.000000	-60.639763	22.072174
760.250000	-60.528739	22.016993
760.500000	-60.420127	21.961951
760.750000	-60.313824	21.907046
761.000000	-60.209734	21.852278
761.250000	-60.107767	21.797647
761.500000	-60.007835	21.743153
761.750000	-59.909857	21.688795
762.000000	-59.813755	21.634574
762.250000	-59.719454	21.580487
762.500000	-59.626883	21.526536
762.750000	-59.535975	21.472720
763.000000	-59.446666	21.419038
763.250000	-59.358894	21.365490
763.500000	-59.272601	21.312076
763.750000	-59.187731	21.258796
764.000000	-59.104230	21.205649
764.250000	-59.022048	21.152635
764.500000	-58.941135	21.099754
764.750000	-58.861444	21.047004
765.000000	-58.782931	20.994387
765.250000	-58.705553	20.941901
765.500000	-58.629268	20.889546
765.750000	-58.554037	20.837322
766.000000	-58.479821	20.785229
766.250000	-58.406585	20.733266
766.500000	-58.334292	20.681432
766.750000	-58.262908	20.629729
767.000000	-58.192402	20.578155
767.250000	-58.122742	20.526709
767.500000	-58.053898	20.475392
767.750000	-57.985839	20.424204
768.000000	-57.918539	20.373143
768.250000	-57.851970	20.322211
768.500000	-57.786105	20.271405
768.750000	-57.720920	20.220727
769.000000	-57.656389	20.170175
769.250000	-57.592489	20.119749
769.500000	-57.529196	20.069450
769.750000	-57.466489	20.019276
