11 0 -11 5 -4 4 -8 1 -7 2 -6 3 -5 8 -3 6 -2 7 -1 11 3 -6 8 -2 6 -3 5 -4 4 -5 7 -1 -11 0 -8 1 -7 2 -7 6 -6 3 -5 4 -4 5 -3 -11 -1 7 -2 8 0 -8 2 11 1 
11 -11 -2 7 -1 8 0 -8 6 -3 5 -4 4 -5 3 -6 2 -7 1 -11 -3 11 0 8 -1 7 -2 6 -8 5 -4 4 -5 3 -6 2 -7 1 -8 0 11 1 -7 2 -6 5 -5 3 -11 -3 8 -1 7 -2 6 -4 4 
-4 11 -6 4 -5 3 -8 2 -7 1 -11 0 8 -1 7 -2 6 -3 5 -4 6 -11 4 -5 3 -6 2 -7 1 -8 0 11 -1 7 -2 8 -3 5 -5 5 -3 8 -2 7 -1 -11 0 11 2 -7 1 -8 4 -4 6 -6 3 
-7 2 -8 6 -2 7 -4 4 -5 3 -6 5 -3 8 -1 11 0 -11 1 -7 2 -8 5 -4 4 -6 3 -5 8 0 -11 -2 6 -3 7 -1 11 1 -11 -1 8 -5 7 -2 6 -3 5 -4 4 -7 2 -6 3 11 0 -8 1 
-11 5 -3 7 -4 6 -2 8 -1 11 1 -7 4 -5 3 -6 2 -8 0 -8 1 -7 11 3 -5 6 -3 5 -4 4 -6 2 -11 -2 7 -1 8 0 -8 4 -4 7 -11 -2 6 -3 5 -5 3 -6 2 -7 1 11 -1 8 0 
8 -11 0 11 -6 2 -7 1 -8 3 -5 4 -4 5 -3 6 -2 7 -1 -11 1 -8 11 -5 3 -7 2 -6 4 -4 5 -3 6 -2 7 -1 8 0 -11 3 -7 2 -6 8 -4 4 -5 5 -3 6 -2 7 -1 11 1 -8 0 
11 -3 8 0 -11 4 -6 2 -8 1 -7 3 -5 5 -4 6 -2 7 -1 11 3 -5 5 -11 -1 7 -3 6 -4 4 -6 2 -7 1 -8 0 8 -2 8 0 -8 4 -4 11 -5 3 -11 1 -7 2 -6 5 -3 6 -2 7 -1 
7 -2 -11 2 -7 5 -3 6 -5 3 -6 4 -4 11 1 -8 0 8 -1 8 -2 11 3 -8 1 -7 2 -6 5 -4 4 -5 6 -3 7 -1 -11 0 -11 5 -5 4 -4 11 -3 6 -2 7 -1 8 0 -8 2 -6 3 -7 1 
11 2 -7 7 -3 5 -6 3 -5 4 -4 6 -2 -11 -1 8 0 -8 1 -8 11 -2 7 -1 8 0 -11 3 -5 5 -3 6 -4 4 -6 2 -7 1 -11 11 -7 2 -6 3 -5 4 -4 5 -3 6 -2 7 -1 8 0 -8 1 
-7 1 11 -6 4 -5 3 -11 -2 6 -4 5 -3 7 -1 8 0 -8 2 11 3 -11 -3 5 -4 7 -2 6 -5 4 -6 2 -7 1 -8 0 8 -1 -11 4 -5 8 -3 5 -4 6 -2 7 -1 11 0 -8 1 -7 2 -6 3 
-8 0 11 -7 6 -2 7 -1 8 -3 5 -4 4 -5 3 -6 2 -11 1 11 -7 2 -6 4 -5 3 -11 -3 5 -4 6 -2 7 -1 8 0 -8 1 -11 0 8 -4 6 -3 5 -6 4 -5 3 -7 1 -8 2 11 -1 7 -2 
6 -7 3 -6 2 -8 1 -11 -2 7 -1 8 0 11 -4 4 -5 5 -3 6 -5 11 2 -8 0 8 -1 7 -3 5 -4 4 -6 3 -7 1 -11 -2 8 -8 6 -3 5 -4 4 -5 3 -6 2 -7 1 -11 -1 7 -2 11 0 
-11 -2 8 -1 7 -8 6 -3 5 -4 4 -5 3 -6 2 -7 1 11 0 -11 0 -8 5 -3 7 -4 4 -6 2 11 -1 8 -2 6 -5 3 -7 1 11 2 -11 -1 7 -3 5 -4 6 -2 8 0 -8 1 -7 3 -6 4 -5 
4 -4 5 -11 -2 11 0 8 -1 7 -3 6 -5 3 -6 2 -7 1 -8 1 -8 4 -5 5 -4 6 -2 11 -1 7 -3 8 0 -11 3 -6 2 -7 2 -6 4 -4 6 -3 8 -1 7 -2 -11 0 11 1 -7 5 -5 3 -8 
8 -7 7 -2 6 -3 5 -4 4 -5 3 -6 2 11 0 -8 1 -11 -1 8 -6 4 -5 3 11 2 -7 1 -8 0 -11 -2 6 -3 5 -4 7 -1 11 -7 8 0 -11 1 -8 2 -6 3 -5 4 -4 5 -3 6 -2 7 -1 
-11 -1 8 -2 6 -3 7 -8 0 11 2 -6 3 -5 5 -4 4 -7 1 -8 1 11 -5 8 -1 7 -2 6 -3 5 -4 4 -7 2 -6 3 -11 0 8 0 -8 5 -3 6 -6 2 -7 1 11 3 -5 4 -4 7 -1 -11 -2 
7 -3 6 -6 3 -5 5 -4 4 -11 2 -7 1 -8 0 8 -2 11 -1 -11 4 -5 3 11 -3 5 -6 2 -7 1 -8 0 8 -1 7 -4 6 -2 -11 7 -2 8 -1 11 2 -6 6 -3 5 -4 4 -5 3 -7 1 -8 0 
11 3 -5 5 -6 2 -8 1 -7 4 -4 7 -3 6 -2 -11 0 8 -1 7 -2 -11 1 -8 3 -6 2 -7 6 -5 4 -4 5 -3 11 0 8 -1 8 -6 11 0 -8 1 -11 2 -7 3 -5 4 -4 5 -3 6 -2 7 -1 
-11 7 -3 5 -6 3 -5 4 -4 6 -2 8 0 -8 1 -7 2 11 -1 11 -7 3 -5 4 -6 2 -11 -2 6 -4 5 -3 7 -1 8 0 -8 1 -7 2 -11 8 -6 3 -5 4 -4 5 -3 6 -2 7 -1 11 0 -8 1 
-11 7 -1 8 -3 5 -7 2 -6 3 -5 4 -4 6 -2 11 0 -8 1 -8 4 -6 2 -7 3 -5 7 -2 6 -4 5 -3 8 -1 -11 0 11 1 -8 5 -4 8 0 11 -3 6 -2 7 -1 -11 2 -6 4 -5 3 -7 1 
11 -11 7 -1 8 -2 6 -3 5 -4 4 -5 3 -6 2 -7 1 -8 0 -8 0 8 -3 -11 4 -4 6 -2 7 -1 11 1 -7 2 -6 3 -5 5 -3 6 -2 8 -11 0 11 -1 7 -5 3 -8 1 -7 2 -6 4 -4 5 
-5 6 -8 2 -7 1 11 -1 8 0 -11 -2 7 -3 5 -4 4 -6 3 -6 2 -7 5 -4 7 -1 8 -3 6 -2 11 0 -8 1 -11 4 -5 3 -5 5 -4 11 -3 6 -2 7 -1 8 0 -8 4 -7 1 -11 2 -6 3 
-8 7 -2 -11 1 -7 4 -4 5 -3 6 -5 3 -6 2 11 -1 8 0 8 -11 4 -4 6 -3 5 -5 3 -6 2 -7 1 -8 0 11 -1 7 -2 6 -8 5 -3 7 -4 4 -5 3 -6 2 -7 1 -11 0 8 -1 11 -2 
8 -4 11 3 -6 2 -8 0 -11 1 -7 4 -5 5 -3 6 -2 7 -1 8 0 -8 11 -4 4 -11 1 -7 2 -6 3 -5 5 -3 6 -2 7 -1 -11 4 -7 2 -6 3 -5 5 -3 11 -4 6 -2 7 -1 8 0 -8 1 
-7 2 11 -5 3 -6 8 -1 7 -2 6 -3 5 -4 4 -8 0 -11 1 -7 1 11 0 -8 2 -6 8 -5 3 -11 -1 7 -2 6 -3 5 -4 4 -6 3 -5 7 -7 1 11 -2 6 -3 5 -4 4 -11 -1 8 0 -8 2 
-8 11 -5 3 -6 2 -7 4 -4 5 -3 6 -2 7 -1 8 0 -11 1 -11 11 3 -6 2 -7 1 -8 0 8 -1 7 -5 4 -4 5 -3 6 -2 7 -11 6 -2 11 -3 5 -4 4 -5 3 -6 2 -7 1 -8 0 8 -1 
-11 8 -7 2 -6 3 -5 4 -4 5 -3 6 -2 7 -1 11 0 -8 1 -7 8 -1 -11 5 -3 7 -2 6 -4 4 -5 3 -6 2 -8 0 11 1 -11 2 -7 7 -3 5 -5 3 -6 4 -4 6 -2 11 1 -8 0 8 -1 
-11 -2 7 -3 5 -8 4 -4 6 -5 3 -6 2 -7 1 11 -1 8 0 -8 8 -6 3 -5 4 -4 5 -3 6 -2 7 -1 -11 2 -7 1 11 0 -11 8 -6 3 -5 4 -4 5 -3 6 -2 7 -1 11 1 -7 2 -8 0 
-8 4 -11 0 11 -2 6 -3 7 -1 8 -4 5 -5 3 -6 2 -7 1 -7 7 -2 -11 1 11 -1 8 0 -8 6 -3 5 -4 4 -5 3 -6 2 -6 6 -5 3 11 -2 -11 1 -8 0 8 -1 7 -3 5 -4 4 -7 2 
-11 -3 5 -7 11 1 -8 0 8 -1 7 -2 6 -4 4 -5 3 -6 2 11 -8 3 -6 2 -7 1 -11 -1 7 -2 6 -3 5 -5 4 -4 8 0 11 -2 6 -4 5 -11 -3 7 -1 8 0 -8 3 -5 4 -6 2 -7 1 
-8 11 -6 2 -11 1 -7 3 -5 4 -4 5 -3 6 -2 7 -1 8 0 -11 11 -4 4 -7 1 -8 2 -6 3 -5 5 -3 6 -2 7 -1 8 0 11 2 -6 4 -4 8 -5 3 -8 1 -7 5 -3 6 -2 7 -1 -11 0 
11 -8 2 -7 1 -11 -1 7 -6 3 -5 4 -4 5 -3 6 -2 8 0 -8 3 -5 11 -4 5 -3 6 -2 7 -1 8 0 -11 1 -7 4 -6 2 -11 1 11 -5 7 -2 6 -3 5 -4 4 -7 2 -6 3 -8 0 8 -1 
8 -7 4 -4 7 -1 -11 0 11 1 -8 2 -6 3 -5 5 -3 6 -2 8 -3 6 -4 4 -6 2 -11 3 -5 5 -7 1 -8 0 11 -1 7 -2 11 -6 5 -3 6 -4 4 -5 3 -8 1 -7 2 -11 -2 7 -1 8 0 
-8 1 -11 -3 5 -5 11 3 -6 2 -7 4 -4 6 -2 7 -1 8 0 -8 6 -4 4 -7 2 -6 3 -5 5 -3 -11 -1 7 -2 8 0 11 1 11 -6 4 -4 7 -1 8 0 -8 2 -7 3 -5 5 -3 6 -2 -11 1 
-8 3 -5 8 -3 5 -7 1 -11 2 -6 4 -4 6 -2 7 -1 11 0 -11 0 8 -7 5 -3 6 -2 11 1 -8 2 -6 3 -5 4 -4 7 -1 -11 6 -2 11 -1 7 -7 1 -8 2 -6 3 -5 4 -4 5 -3 8 0 
8 -2 7 -1 11 -7 2 -6 5 -3 6 -4 4 -5 3 -11 1 -8 0 -11 -2 8 -1 7 -8 4 -4 5 -3 6 -5 3 -6 2 -7 1 11 0 -8 4 -11 1 -7 2 -6 3 -5 5 -4 6 -2 11 -3 7 -1 8 0 
8 -8 4 -5 3 -6 2 -7 1 -11 -2 6 -3 5 -4 7 -1 11 0 -8 2 11 -2 8 0 -11 -1 7 -3 5 -5 3 -6 6 -4 4 -7 1 11 -8 3 -5 7 -1 8 -2 6 -3 5 -4 4 -6 2 -7 1 -11 0 
-8 0 -11 11 1 -7 2 -6 5 -3 6 -2 8 -1 7 -4 4 -5 3 -8 11 -11 0 8 -1 7 -2 6 -3 5 -4 4 -5 3 -6 2 -7 1 -7 5 -5 4 -4 11 -1 7 -2 6 -3 8 0 -8 1 -11 2 -6 3 
-8 8 -4 5 -3 6 -2 7 -1 -11 2 -6 3 -5 4 -7 1 11 0 8 -7 6 -3 5 -4 4 -5 3 -6 2 11 1 -8 0 -11 -2 7 -1 8 -2 7 -5 6 -3 5 -4 4 -11 2 -6 3 -7 1 -8 0 11 -1 
-11 3 11 -3 6 -5 5 -4 4 -6 2 -7 1 -8 0 8 -1 7 -2 -11 6 -7 2 -6 3 -5 4 -4 5 -3 8 0 -8 1 11 -1 7 -2 11 -11 2 -7 1 -8 0 8 -2 6 -3 5 -6 3 -5 4 -4 7 -1 
11 -5 3 -8 0 -11 6 -2 7 -1 8 -3 5 -4 4 -6 2 -7 1 -7 2 -6 6 -3 5 -4 7 -1 -11 -2 8 0 -8 1 11 3 -5 4 -5 4 -6 3 -7 2 11 1 -8 0 -11 -2 6 -4 7 -1 8 -3 5 
-8 11 -1 8 0 -11 2 -6 5 -3 7 -2 6 -4 4 -5 3 -7 1 -7 3 -11 1 -8 0 11 -4 4 -5 8 -1 7 -2 6 -3 5 -6 2 -7 1 -11 -1 11 0 8 -2 7 -3 6 -6 4 -4 5 -5 3 -8 2 
11 -6 8 -1 7 -2 6 -3 5 -4 4 -5 3 -8 1 -7 2 -11 0 -11 2 -7 3 -6 11 -3 5 -5 4 -4 6 -2 7 -1 8 0 -8 1 11 -1 -11 2 -8 1 -7 5 -4 4 -5 3 -6 7 -2 6 -3 8 0 
-8 5 -4 6 -2 7 -1 11 2 -6 3 -5 4 -7 1 -11 -3 8 0 -11 -1 11 1 -7 7 -6 2 -8 3 -5 4 -4 5 -3 6 -2 8 0 8 -1 -11 5 -7 2 -6 3 -5 4 -4 6 -3 7 -2 11 1 -8 0 
-8 6 -7 2 -6 3 -5 4 -4 5 -3 8 0 11 -2 7 -1 -11 1 -11 -2 11 2 -6 7 -1 8 0 -8 3 -5 6 -3 5 -4 4 -7 1 11 -1 -11 0 8 -5 7 -2 6 -3 5 -4 4 -8 1 -7 2 -6 3 
-11 11 -8 0 8 -1 7 -2 6 -3 5 -4 4 -5 3 -6 2 -7 1 -7 8 -5 4 -4 5 -3 6 -2 7 -1 11 0 -8 3 -6 2 -11 1 -11 6 -8 1 -7 2 -6 3 -5 4 -4 5 -3 7 -1 8 0 11 -2 
-11 0 -8 7 -1 8 -4 4 -5 5 -3 6 -2 11 3 -6 2 -7 1 -7 1 11 2 -8 0 -11 -2 6 -3 8 -1 7 -6 3 -5 5 -4 4 -5 4 -4 7 -8 5 -3 6 -2 11 0 8 -1 -11 1 -7 2 -6 3 
-8 3 -7 1 -11 2 -6 7 -3 5 -5 4 -4 6 -2 11 -1 8 0 -8 0 8 -7 3 -6 2 11 -5 4 -4 5 -3 6 -2 7 -1 -11 1 11 -11 8 -1 7 -2 6 -3 5 -4 4 -5 3 -6 2 -7 1 -8 0 
11 -7 8 -1 7 -2 6 -3 5 -4 4 -5 3 -6 2 -8 0 -11 1 11 -2 -11 0 8 -1 7 -6 6 -3 5 -4 4 -5 3 -7 2 -8 1 -11 -2 11 1 -7 2 -8 3 -6 4 -5 5 -3 6 -4 7 -1 8 0 
-8 6 -3 11 2 -6 3 -5 5 -4 4 -7 1 -11 -1 7 -2 8 0 -8 3 -6 11 -4 4 -5 5 -3 6 -2 7 -1 8 0 -11 1 -7 2 11 -3 8 0 -8 1 -11 3 -5 4 -4 5 -7 2 -6 6 -2 7 -1 
11 -5 3 -8 0 -11 6 -2 7 -1 8 -3 5 -4 4 -6 2 -7 1 -7 4 -5 6 -4 5 -3 8 0 11 -1 7 -2 -11 3 -6 2 -8 1 -7 1 11 0 8 -4 6 -2 7 -1 -11 -3 5 -8 4 -5 3 -6 2 
-7 1 11 2 -6 3 -8 0 8 -1 -11 -2 6 -3 7 -5 5 -4 4 -7 8 -5 3 -11 0 11 -1 7 -2 6 -3 5 -4 4 -6 2 -8 1 -7 7 -5 4 -4 5 -3 6 -2 -11 2 -6 3 -8 0 8 -1 11 1 
-11 2 -6 11 -2 7 -1 8 0 -8 3 -5 6 -3 5 -4 4 -7 1 -11 0 -8 4 -5 6 -4 5 -3 8 -1 7 -2 11 3 -6 2 -7 1 11 0 -11 6 -3 5 -4 4 -7 1 -8 2 -6 3 -5 8 -1 7 -2 
-11 11 3 -6 2 -7 1 -8 0 8 -1 7 -2 6 -4 4 -5 5 -3 8 -6 2 11 0 -8 5 -4 4 -5 3 -7 1 -11 -3 6 -2 7 -1 7 -6 5 -3 6 -4 4 -5 3 -7 2 -11 0 -8 1 11 -2 8 -1 
8 -5 7 -1 -11 4 -4 5 -3 6 -2 11 2 -6 3 -7 1 -8 0 11 -4 5 -6 3 -5 4 -8 1 -7 2 -11 0 8 -2 6 -3 7 -1 8 -2 6 -5 7 -3 5 -4 4 -6 2 -11 3 -7 1 -8 0 11 -1 
11 0 -8 4 -7 2 -6 3 -5 8 -1 7 -3 5 -4 6 -2 -11 1 -11 2 -6 5 -5 4 -4 8 -3 6 -2 7 -1 11 3 -7 1 -8 0 11 -6 2 -7 7 -2 6 -3 5 -4 4 -5 3 -11 1 -8 0 8 -1 
8 -6 7 -2 6 -3 5 -4 4 -5 3 -11 1 -7 2 -8 0 11 -1 11 -2 8 -1 7 -3 5 -8 4 -4 6 -5 3 -6 2 -7 1 -11 0 8 -4 5 -8 0 11 2 -6 3 -5 4 -7 1 -11 -2 6 -3 7 -1 
-11 7 -8 0 8 -1 11 1 -7 2 -6 3 -5 4 -4 5 -3 6 -2 8 -4 7 -1 -11 2 11 -2 6 -3 5 -6 4 -5 3 -7 1 -8 0 11 -2 8 0 -11 -1 7 -6 4 -4 6 -3 5 -5 3 -8 1 -7 2 
11 -11 4 -5 3 -6 2 -7 1 -8 0 8 -1 7 -2 6 -3 5 -4 5 -11 3 -6 2 -7 1 -8 0 8 -3 11 -1 7 -2 6 -4 4 -5 3 -5 5 -8 0 -11 2 -6 4 -4 7 -2 6 -3 8 -1 11 1 -7 
2 -8 7 -1 11 -5 3 -6 4 -4 5 -3 6 -2 8 0 -11 1 -7 5 -7 4 -5 3 -6 2 11 -3 7 -1 -11 1 -8 0 8 -2 6 -4 7 -1 8 -3 5 -6 2 -8 4 -5 3 -7 1 11 0 -11 -2 6 -4 
5 -8 1 11 -2 7 -1 8 0 -11 -3 6 -7 2 -6 3 -5 4 -4 11 3 -8 1 -7 2 -6 8 0 -11 -3 5 -5 4 -4 6 -2 7 -1 8 -2 7 -11 0 -8 3 -5 5 -3 6 -4 4 -6 2 -7 1 11 -1 
11 -5 3 -8 5 -3 -11 0 8 -1 7 -2 6 -4 4 -6 2 -7 1 -8 7 -11 -1 11 0 8 -2 6 -3 5 -4 4 -5 3 -6 2 -7 1 -11 0 11 -7 1 -8 8 -1 7 -2 6 -3 5 -4 4 -5 3 -6 2 
-7 5 -4 8 -2 6 -3 7 -1 -11 0 -8 2 -6 4 -5 3 11 1 -7 11 2 -11 -3 5 -6 3 -5 4 -4 6 -2 7 -1 8 0 -8 1 -7 7 -5 3 -6 2 -8 0 8 -1 11 1 -11 -2 6 -3 5 -4 4 
-4 8 -3 6 -2 7 -1 -11 4 -5 3 -7 1 11 0 -8 2 -6 5 -3 7 -11 -1 11 1 -8 0 8 -2 6 -6 2 -7 3 -5 4 -4 5 -4 11 -6 4 -5 3 -8 2 -7 1 -11 0 8 -1 7 -2 6 -3 5 
-7 11 -11 2 -6 3 -5 4 -4 5 -3 6 -2 7 -1 8 0 -8 1 11 -5 5 -4 4 -7 3 -6 2 -8 1 -11 0 8 -3 6 -2 7 -1 11 3 -5 7 -2 8 -1 -11 4 -4 6 -3 5 -6 2 -7 1 -8 0 
8 -1 11 0 -11 2 -7 1 -8 4 -6 3 -5 5 -4 6 -3 7 -2 6 -2 7 -7 1 -8 11 0 8 -1 -11 2 -6 3 -5 4 -4 5 -3 8 -4 5 -5 4 -8 0 11 3 -6 2 -7 1 -11 -1 7 -2 6 -3 
11 -8 4 -5 3 -6 2 -7 1 -11 -1 7 -3 5 -4 6 -2 8 0 11 1 -8 4 -6 2 -7 3 -5 6 -3 5 -4 8 -1 7 -2 -11 0 -11 -1 7 -6 5 -4 4 -5 3 -7 1 11 -2 6 -3 8 0 -8 2 
-6 11 -11 0 8 -1 7 -2 6 -3 5 -4 4 -5 3 -7 1 -8 2 -7 3 -11 -3 5 -4 7 -2 6 -5 4 -6 2 -8 0 8 -1 11 1 11 3 -5 6 -7 2 -6 4 -4 5 -3 8 -2 7 -1 -11 0 -8 1 
-7 6 -11 -3 5 -4 4 -5 3 -6 2 -8 0 8 -2 7 -1 11 1 -7 5 -4 6 -2 7 -3 -11 1 -8 0 8 -1 11 3 -5 4 -6 2 -8 6 -6 2 -7 3 -5 4 -4 5 -3 11 -2 7 -1 8 0 -11 1 
-11 5 -7 2 -6 3 -5 4 -4 8 0 -8 1 11 -2 6 -3 7 -1 11 2 -11 -1 7 -2 6 -6 3 -7 1 -8 0 8 -5 4 -4 5 -3 6 -2 7 -6 2 11 0 8 -1 -11 -3 5 -7 1 -8 3 -5 4 -4 
7 -5 6 -2 -11 -1 8 0 11 3 -8 1 -7 2 -6 4 -4 5 -3 11 0 -11 -3 8 -1 7 -2 6 -8 1 -7 2 -6 4 -4 5 -5 3 -5 8 -1 7 -8 1 -11 0 11 -2 6 -3 5 -4 4 -6 2 -7 3 
-6 5 -4 6 -2 7 -3 -11 0 8 -1 11 3 -5 4 -8 1 -7 2 -6 2 11 -2 6 -4 7 -1 -11 1 -8 0 8 -3 5 -5 3 -7 4 -7 5 -11 -3 7 -1 11 0 8 -2 6 -4 4 -5 3 -6 2 -8 1 
-8 8 -6 3 -5 4 -4 5 -3 6 -2 7 -1 11 2 -7 1 -11 0 -11 4 -8 0 8 -5 3 -6 2 -7 1 11 -4 5 -3 6 -2 7 -1 7 -5 11 0 -8 3 -11 1 -7 2 -6 4 -4 5 -3 6 -2 8 -1 
-11 -1 8 0 11 3 -7 1 -8 2 -6 6 -2 7 -4 4 -5 5 -3 8 -8 0 -11 7 -2 6 -3 5 -4 4 -5 3 -6 2 -7 1 11 -1 -11 11 -6 3 -5 4 -4 5 -3 6 -2 7 -1 8 0 -8 2 -7 1 
-11 -1 7 -3 8 0 -8 6 -2 11 3 -5 5 -4 4 -6 2 -7 1 -11 3 11 -4 6 -3 5 -5 4 -6 2 -7 1 -8 0 8 -1 7 -2 8 -11 -2 7 -1 11 1 -7 5 -3 6 -4 4 -5 3 -6 2 -8 0 
-11 1 -8 11 -3 5 -7 2 -6 3 -5 4 -4 6 -2 7 -1 8 0 8 -7 2 -8 0 11 1 -11 -1 7 -6 3 -5 4 -4 5 -3 6 -2 11 -3 7 -1 8 -2 6 -5 4 -4 5 -7 1 -8 3 -6 2 -11 0 
-11 -1 8 -3 7 -2 6 -4 4 -6 5 -5 3 -7 2 -8 1 11 0 11 2 -11 -3 7 -1 8 0 -8 1 -7 3 -5 4 -6 5 -4 6 -2 -11 1 11 -2 6 -7 8 -1 7 -3 5 -4 4 -5 3 -6 2 -8 0 
