11 0 -11 5 -4 4 -8 1 -7 2 -6 3 -5 8 -3 6 -2 7 -1 
11 3 -6 8 -2 6 -3 5 -4 4 -5 7 -1 -11 0 -8 1 -7 2 
-4 7 -5 4 -7 1 -8 2 -6 3 -11 -1 8 0 11 -2 6 -3 5 
1 11 -3 6 -6 3 -5 5 -4 4 -8 0 8 -2 7 -1 -11 2 -7 
-1 -11 6 -6 3 -5 4 -4 5 -3 7 -2 8 0 -8 2 -7 1 11 
0 11 -11 -1 7 -7 1 -8 2 -6 3 -5 4 -4 5 -3 6 -2 8 
-3 11 2 -11 -2 7 -1 8 0 -8 1 -7 3 -6 5 -4 4 -5 6 
-7 6 -6 3 -5 4 -4 5 -3 -11 -1 7 -2 8 0 -8 2 11 1 
-2 11 -11 7 -1 8 0 -8 1 -7 2 -6 3 -5 4 -4 5 -3 6 
-5 7 -3 6 -2 8 -1 11 1 -8 0 -11 3 -7 2 -6 4 -4 5 
7 -5 8 0 -11 3 -8 1 -7 2 -6 4 -4 5 -3 6 -2 11 -1 
8 -5 11 2 -8 0 -11 1 -7 3 -6 4 -4 5 -3 6 -2 7 -1 
1 -11 -1 8 -7 5 -3 7 -2 6 -4 4 -5 3 -6 2 -8 0 11 
4 -7 8 -2 7 -1 -11 1 11 0 -8 2 -6 3 -5 5 -3 6 -4 
3 -6 5 -8 2 -7 1 -11 0 11 -1 7 -3 8 -2 6 -4 4 -5 
-3 11 0 8 -5 3 -6 6 -2 7 -1 -11 1 -7 2 -8 4 -4 5 
-2 11 3 -8 1 -7 2 -6 6 -5 4 -4 5 -3 -11 0 8 -1 7 
7 -3 6 -5 4 -4 5 -7 1 11 3 -6 2 -8 0 -11 -1 8 -2 
0 -8 5 -5 4 -4 8 -1 7 -3 6 -2 -11 2 -6 3 -7 1 11 
11 -11 -2 7 -1 8 0 -8 6 -3 5 -4 4 -5 3 -6 2 -7 1 
4 -8 3 -5 8 -4 5 -3 6 -2 7 -1 -11 0 11 1 -7 2 -6 
0 11 -3 8 -1 7 -2 6 -4 5 -5 3 -7 4 -6 2 -8 1 -11 
-6 5 -4 4 -8 2 -7 1 11 0 -11 -3 6 -2 8 -1 7 -5 3 
-11 -3 11 0 8 -1 7 -2 6 -8 5 -4 4 -5 3 -6 2 -7 1 
-8 0 11 1 -7 2 -6 5 -5 3 -11 -3 8 -1 7 -2 6 -4 4 
-4 11 -6 4 -5 3 -8 2 -7 1 -11 0 8 -1 7 -2 6 -3 5 
1 11 -8 5 -3 -11 0 8 -1 7 -2 6 -4 4 -5 3 -6 2 -7 
-4 6 -11 4 -5 3 -6 2 -7 1 -8 0 11 -1 7 -2 8 -3 5 
11 -11 2 -6 7 -2 6 -3 5 -4 4 -5 3 -7 1 -8 0 8 -1 
5 -8 3 -5 8 0 -11 -2 7 -1 11 1 -7 2 -6 4 -4 6 -3 
-2 6 -5 3 -7 8 -1 -11 0 11 1 -8 2 -6 4 -4 5 -3 7 
-5 5 -3 8 -2 7 -1 -11 0 11 2 -7 1 -8 4 -4 6 -6 3 
-4 11 -6 5 -3 6 -2 7 -1 8 0 -8 2 -11 1 -7 3 -5 4 
-7 2 -8 6 -2 7 -4 4 -5 3 -6 5 -3 8 -1 11 0 -11 1 
0 -8 4 -6 2 -7 3 -5 8 -1 7 -2 6 -4 5 -3 -11 1 11 
8 -4 6 -3 5 -7 1 -11 0 -8 2 -6 4 -5 3 11 -1 7 -2 
-7 2 -8 5 -4 4 -6 3 -5 8 0 -11 -2 6 -3 7 -1 11 1 
-11 -1 8 -5 7 -2 6 -3 5 -4 4 -7 2 -6 3 11 0 -8 1 
5 -5 3 -7 2 11 -6 4 -4 8 0 -8 1 -11 -1 7 -2 6 -3 
-11 5 -3 7 -4 6 -2 8 -1 11 1 -7 4 -5 3 -6 2 -8 0 
-3 -11 11 2 -6 6 -2 7 -1 8 0 -8 1 -7 3 -5 4 -4 5 
-6 8 -5 4 -4 5 -3 6 -2 7 -1 -11 2 -8 0 11 1 -7 3 
-3 11 3 -5 4 -4 8 0 -8 5 -6 2 -7 1 -11 -1 7 -2 6 
-5 4 -6 8 0 -11 -1 7 -4 5 -3 6 -2 11 1 -7 2 -8 3 
6 -7 7 -1 8 -2 11 1 -11 0 -8 2 -6 3 -5 4 -4 5 -3 
3 -8 6 -2 -11 -1 7 -4 4 -5 5 -3 8 0 11 1 -7 2 -6 
-7 2 11 -1 7 -2 6 -5 5 -4 4 -6 3 -8 0 8 -3 -11 1 
-5 4 -11 6 -3 5 -4 7 -2 11 -1 8 0 -8 1 -7 2 -6 3 
-5 8 -2 6 -6 2 -8 3 -7 1 -11 0 11 -1 7 -3 5 -4 4 
7 -4 5 -3 11 2 -8 0 8 -2 6 -5 4 -6 3 -7 1 -11 -1 
4 -4 7 -3 6 -2 8 0 -8 3 -11 -1 11 1 -7 2 -6 5 -5 
3 -6 7 -3 5 -11 0 -8 2 -7 1 11 -1 8 -2 6 -4 4 -5 
-7 7 -8 0 -11 2 -6 3 -5 4 -4 5 -3 6 -2 8 -1 11 1 
1 -7 8 -6 3 -5 4 -4 5 -3 6 -2 7 -1 11 2 -11 0 -8 
-8 1 -7 11 3 -5 6 -3 5 -4 4 -6 2 -11 -2 7 -1 8 0 
-1 8 -7 7 -2 6 -3 5 -4 4 -5 3 -6 2 11 1 -8 0 -11 
6 -6 8 -1 11 1 -7 2 -8 0 -11 3 -5 4 -4 5 -3 7 -2 
4 -4 7 -8 2 -7 1 11 -1 8 0 -11 -2 6 -3 5 -6 3 -5 
3 -11 -3 11 1 -8 0 8 -1 7 -2 6 -5 5 -4 4 -6 2 -7 
2 -6 6 -5 3 11 -1 8 -2 7 -3 5 -4 4 -8 0 -11 1 -7 
-8 4 -4 7 -11 -2 6 -3 5 -5 3 -6 2 -7 1 11 -1 8 0 
1 11 -4 5 -3 8 0 -11 -1 7 -2 6 -8 4 -5 3 -6 2 -7 
6 -5 11 0 -11 2 -7 1 -8 3 -6 4 -4 5 -3 8 -1 7 -2 
-1 7 -8 2 -6 11 1 -7 3 -5 4 -4 5 -3 6 -2 8 0 -11 
2 -6 4 -4 7 -5 5 -3 6 -2 8 0 -11 -1 11 1 -8 3 -7 
4 -11 11 -5 3 -6 2 -7 1 -8 0 8 -1 7 -2 6 -3 5 -4 
-3 6 -5 11 -1 7 -2 8 0 -8 3 -7 1 -11 2 -6 4 -4 5 
5 -5 4 -7 1 -11 2 -6 3 -8 0 11 -3 6 -2 7 -1 8 -4 
-5 3 -11 5 -6 2 -7 1 -8 0 11 -2 6 -3 7 -1 8 -4 4 
-3 5 -4 7 -1 11 -5 4 -6 3 -8 2 -7 1 -11 0 8 -2 6 
8 -11 0 11 -6 2 -7 1 -8 3 -5 4 -4 5 -3 6 -2 7 -1 
3 -5 5 -3 11 -7 4 -4 6 -2 7 -1 8 0 -11 1 -8 2 -6 
-11 1 -8 11 -5 3 -7 2 -6 4 -4 5 -3 6 -2 7 -1 8 0 
3 -7 11 -2 7 -1 8 0 -11 1 -8 2 -6 4 -4 6 -3 5 -5 
4 -7 5 -4 6 -2 8 0 11 -3 7 -1 -11 1 -8 2 -6 3 -5 
-4 4 -5 8 0 -8 6 -2 7 -1 -11 1 -7 3 -6 2 11 -3 5 
7 -2 11 -7 6 -3 5 -4 4 -5 3 -6 2 -8 1 -11 0 8 -1 
2 -7 8 0 -8 5 -3 6 -2 -11 1 11 -1 7 -4 4 -5 3 -6 
-1 11 -11 4 -5 3 -6 2 -7 1 -8 0 8 -4 5 -3 6 -2 7 
4 -7 11 2 -6 3 -5 7 -1 8 0 -8 1 -11 -2 6 -3 5 -4 
2 -6 6 -8 1 -7 3 -5 4 -4 5 -3 8 -1 7 -2 -11 0 11 
0 11 2 -8 1 -7 5 -6 3 -5 4 -4 6 -2 8 -3 7 -1 -11 
-7 7 -1 11 -3 6 -2 8 0 -11 1 -8 3 -5 5 -4 4 -6 2 
-5 11 -3 5 -4 4 -11 6 -2 7 -1 8 0 -8 1 -7 2 -6 3 
-11 3 -7 2 -6 8 -4 4 -5 5 -3 6 -2 7 -1 11 1 -8 0 
0 -8 3 -5 5 -3 11 -4 4 -11 1 -7 2 -6 6 -2 7 -1 8 
6 -2 -11 8 0 11 -1 7 -6 2 -7 1 -8 3 -5 4 -4 5 -3 
-2 7 -7 1 -8 11 -1 8 0 -11 2 -6 3 -5 4 -4 5 -3 6 
-3 5 -8 6 -4 4 -5 3 -6 2 -7 1 -11 -1 7 -2 11 0 8 
6 -11 3 -6 2 -7 1 -8 0 11 -5 4 -4 5 -3 8 -1 7 -2 
11 -3 8 0 -11 4 -6 2 -8 1 -7 3 -5 5 -4 6 -2 7 -1 
11 3 -5 5 -11 -1 7 -3 6 -4 4 -6 2 -7 1 -8 0 8 -2 
-8 6 -4 4 -11 -3 5 -5 3 -6 2 -7 1 11 -1 7 -2 8 0 
8 0 -8 4 -4 11 -5 3 -11 1 -7 2 -6 5 -3 6 -2 7 -1 
-1 7 -7 6 -3 5 -4 4 -5 3 -6 2 11 0 -8 1 -11 -2 8 
-3 -11 3 -8 0 11 1 -7 2 -6 6 -2 7 -1 8 -4 4 -5 5 
7 -2 -11 2 -7 5 -3 6 -5 3 -6 4 -4 11 1 -8 0 8 -1 
-7 6 -5 3 11 2 -6 4 -4 5 -3 7 -1 -11 -2 8 0 -8 1 
-3 7 -4 6 -2 11 3 -6 2 -7 1 -8 0 8 -1 -11 4 -5 5 
6 -7 1 -8 2 -6 7 -2 11 -1 8 0 -11 3 -5 4 -4 5 -3 
-6 2 11 0 8 -7 1 -8 6 -2 -11 -1 7 -3 5 -4 4 -5 3 
8 -2 11 3 -8 1 -7 2 -6 5 -4 4 -5 6 -3 7 -1 -11 0 
3 -7 4 -6 2 11 -2 6 -3 8 0 -8 1 -11 -1 7 -4 5 -5 
-3 11 -7 3 -5 5 -4 4 -6 2 -8 1 -11 0 8 -1 7 -2 6 
-5 11 -6 4 -4 5 -3 6 -2 7 -1 8 0 -11 1 -8 2 -7 3 
-7 11 -5 3 -11 1 -8 0 8 -1 7 -2 6 -3 5 -4 4 -6 2 
-3 11 -2 7 -1 8 0 -8 6 -6 2 -7 1 -11 3 -5 4 -4 5 
2 -6 11 -1 8 0 -11 6 -2 7 -3 5 -4 4 -5 3 -8 1 -7 
2 11 -4 7 -2 6 -3 5 -11 -1 8 0 -8 1 -7 3 -5 4 -6 
3 -11 5 -3 6 -2 11 -6 2 -7 1 -8 0 8 -1 7 -4 4 -5 
-1 11 3 -11 0 -8 1 -7 2 -6 4 -4 8 -3 5 -5 6 -2 7 
5 -8 11 -2 6 -3 7 -1 8 0 -11 1 -7 2 -6 3 -5 4 -4 
-1 -11 7 -2 11 1 -7 5 -3 6 -4 4 -5 3 -6 2 -8 0 8 
-11 5 -5 4 -4 11 -3 6 -2 7 -1 8 0 -8 2 -6 3 -7 1 
0 -11 2 -7 8 -6 3 -5 4 -4 5 -3 6 -2 7 -1 11 1 -8 
-6 8 -2 7 -1 -11 6 -3 5 -4 4 -5 3 -7 1 -8 0 11 2 
5 -8 0 8 -5 3 -6 2 -11 -2 7 -1 11 1 -7 4 -4 6 -3 
11 2 -7 7 -3 5 -6 3 -5 4 -4 6 -2 -11 -1 8 0 -8 1 
-8 11 -2 7 -1 8 0 -11 3 -5 5 -3 6 -4 4 -6 2 -7 1 
6 -2 -11 0 8 -1 7 -7 4 -4 5 -5 3 -6 2 -8 1 11 -3 
3 11 -2 6 -7 2 -6 8 0 -8 1 -11 -1 7 -3 5 -4 4 -5 
-4 7 -8 5 -3 6 -2 -11 0 8 -1 11 1 -7 2 -6 3 -5 4 
-4 7 -11 -2 6 -3 5 -5 3 -7 1 11 -1 8 0 -8 2 -6 4 
4 -5 7 -4 5 -3 6 -2 8 0 -11 -1 11 2 -7 1 -8 3 -6 
-11 11 -7 2 -6 3 -5 4 -4 5 -3 6 -2 7 -1 8 0 -8 1 
-7 1 11 -6 4 -5 3 -11 -2 6 -4 5 -3 7 -1 8 0 -8 2 
4 -4 8 -3 6 -2 7 -1 11 2 -8 0 -11 1 -7 3 -5 5 -6 
2 -8 4 -4 8 -1 7 -7 1 -11 0 11 -2 6 -3 5 -5 3 -6 
-4 11 -7 5 -3 6 -2 7 -1 8 0 -11 1 -8 2 -6 3 -5 4 
7 -11 8 0 -8 1 -7 2 -6 3 -5 4 -4 5 -3 6 -2 11 -1 
-5 4 -6 3 11 2 -7 1 -8 0 8 -3 6 -2 -11 -1 7 -4 5 
8 -6 6 -2 -11 0 11 1 -8 2 -7 3 -5 4 -4 5 -3 7 -1 
7 -4 4 -7 2 11 0 -8 1 -11 -2 6 -3 5 -5 3 -6 8 -1 
4 -5 7 -2 -11 1 -7 2 -6 3 11 -1 8 0 -8 6 -3 5 -4 
1 -7 5 -3 11 -6 3 -5 4 -4 6 -2 7 -1 8 0 -11 2 -8 
7 -5 4 -11 2 -6 3 -7 1 -8 0 8 -3 5 -4 6 -2 11 -1 
7 -7 11 -2 6 -3 5 -4 4 -5 3 -6 2 -8 1 -11 0 8 -1 
3 -11 5 -6 2 -7 1 -8 0 8 -2 6 -3 7 -1 11 -4 4 -5 
7 -4 8 0 -11 3 -7 1 -8 2 -6 4 -5 5 -3 6 -2 11 -1 
-4 11 -11 4 -5 3 -6 2 -7 1 -8 0 8 -1 7 -2 6 -3 5 
4 -5 8 -1 7 -6 3 -8 1 -7 2 11 0 -11 -2 6 -3 5 -4 
11 3 -11 -3 5 -4 7 -2 6 -5 4 -6 2 -7 1 -8 0 8 -1 
-6 8 -7 2 -8 1 11 0 -11 -1 7 -2 6 -3 5 -4 4 -5 3 
-5 7 -6 2 11 -2 6 -3 5 -4 4 -11 -1 8 0 -8 1 -7 3 
-7 1 -11 11 -4 4 -8 0 8 -1 7 -2 6 -3 5 -5 3 -6 2 
-5 5 -4 7 -2 6 -3 8 0 -8 1 11 -1 -11 4 -6 2 -7 3 
4 -5 3 -7 11 -4 5 -3 6 -2 7 -1 8 0 -11 1 -8 2 -6 
-11 4 -5 8 -3 5 -4 6 -2 7 -1 11 0 -8 1 -7 2 -6 3 
0 8 -1 -11 6 -8 1 -7 2 -6 3 -5 4 -4 5 -3 7 -2 11 
-8 0 11 -7 6 -2 7 -1 8 -3 5 -4 4 -5 3 -6 2 -11 1 
-1 7 -2 -11 6 -7 1 -8 0 11 2 -6 3 -5 4 -4 5 -3 8 
-2 6 -3 8 -4 4 -6 3 -5 5 -7 1 -11 0 -8 2 11 -1 7 
3 -11 4 -5 7 -4 5 -3 6 -2 8 -1 11 0 -8 1 -7 2 -6 
-3 11 3 -8 0 -11 1 -7 2 -6 6 -2 7 -1 8 -4 4 -5 5 
-6 11 -5 4 -4 5 -3 6 -2 7 -1 8 0 -8 3 -11 1 -7 2 
5 -7 4 -5 3 -6 2 -8 1 11 -2 7 -1 -11 0 8 -4 6 -3 
-3 8 -5 3 -6 5 -4 4 -8 0 -11 1 -7 2 11 -1 7 -2 6 
11 -7 2 -6 4 -5 3 -11 -3 5 -4 6 -2 7 -1 8 0 -8 1 
-2 6 -11 3 -5 8 0 -8 1 -7 2 -6 4 -4 5 -3 11 -1 7 
-2 6 -5 4 -7 2 -6 3 -11 0 -8 1 11 -4 5 -3 8 -1 7 
-6 2 -11 11 0 -8 1 -7 3 -5 4 -4 7 -1 8 -2 6 -3 5 
3 -6 4 -7 2 11 1 -8 0 8 -2 6 -4 7 -1 -11 -3 5 -5 
-11 0 8 -4 6 -3 5 -6 4 -5 3 -7 1 -8 2 11 -1 7 -2 
6 -7 3 -6 2 -8 1 -11 -2 7 -1 8 0 11 -4 4 -5 5 -3 
0 8 -7 3 -6 2 -11 -2 6 -3 5 -4 4 -5 7 -1 11 1 -8 
3 -7 5 -4 11 -3 6 -2 7 -1 8 0 -8 1 -11 2 -6 4 -5 
2 -6 3 11 -2 7 -1 -11 0 8 -4 5 -3 6 -5 4 -8 1 -7 
-2 11 2 -7 6 -4 4 -5 3 -6 5 -3 8 0 -8 1 -11 -1 7 
-3 11 2 -8 0 8 -1 -11 1 -7 5 -5 3 -6 4 -4 7 -2 6 
-8 11 -11 1 -7 2 -6 3 -5 4 -4 5 -3 6 -2 7 -1 8 0 
6 -5 11 2 -8 0 8 -1 7 -3 5 -4 4 -6 3 -7 1 -11 -2 
8 -8 6 -3 5 -4 4 -5 3 -6 2 -7 1 -11 -1 7 -2 11 0 
-11 -2 8 -1 7 -8 6 -3 5 -4 4 -5 3 -6 2 -7 1 11 0 
-2 7 -11 3 -6 2 -7 1 -8 0 8 -1 11 -5 4 -4 5 -3 6 
-6 3 -8 6 -2 7 -4 4 -5 5 -3 8 0 11 -1 -11 1 -7 2 
5 -3 -11 -2 6 -5 7 -1 8 0 11 1 -7 2 -8 3 -6 4 -4 
2 -8 8 -5 4 -4 5 -3 6 -2 7 -1 11 0 -11 1 -7 3 -6 
-7 1 -8 7 -4 4 -5 5 -3 6 -2 8 0 -11 -1 11 3 -6 2 
-11 0 -8 5 -3 7 -4 4 -6 2 11 -1 8 -2 6 -5 3 -7 1 
-1 8 -5 6 -3 5 -4 4 -7 2 -6 3 -8 0 -11 1 11 -2 7 
8 -11 6 -2 7 -1 11 0 -8 1 -7 2 -6 3 -5 4 -4 5 -3 
-2 7 -6 2 -8 1 -11 0 11 -1 8 -5 3 -7 4 -4 5 -3 6 
1 -7 6 -4 5 -3 11 0 8 -2 7 -1 -11 2 -6 4 -5 3 -8 
4 -8 5 -5 3 -6 2 -7 1 11 -1 -11 0 8 -2 7 -3 6 -4 
1 -8 11 -1 8 0 -11 4 -4 6 -2 7 -3 5 -5 3 -6 2 -7 
-2 11 1 -8 7 -1 8 0 -11 -3 5 -7 2 -6 3 -5 4 -4 6 
4 -4 6 -2 -11 11 0 8 -1 7 -3 5 -5 3 -7 1 -8 2 -6 
3 -8 5 -3 7 -6 2 -7 1 11 -1 -11 0 8 -2 6 -4 4 -5 
7 -4 11 0 -11 1 -7 3 -5 4 -8 2 -6 5 -3 6 -2 8 -1 
11 2 -11 -1 7 -3 5 -4 6 -2 8 0 -8 1 -7 3 -6 4 -5 
-7 6 -2 8 -1 11 0 -8 5 -3 7 -4 4 -5 3 -6 2 -11 1 
4 -4 5 -11 -2 11 0 8 -1 7 -3 6 -5 3 -6 2 -7 1 -8 
1 -8 4 -5 5 -4 6 -2 11 -1 7 -3 8 0 -11 3 -6 2 -7 
-5 5 -7 1 11 -4 4 -8 0 8 -1 7 -3 6 -2 -11 2 -6 3 
0 -11 -1 8 -7 4 -4 5 -3 7 -2 6 -5 3 -6 2 11 1 -8 
-4 11 -1 8 0 -11 6 -2 7 -3 5 -8 1 -7 2 -6 3 -5 4 
-3 11 -1 7 -5 6 -2 8 0 -8 1 -11 2 -7 3 -6 4 -4 5 
-7 7 -6 2 11 -2 6 -3 5 -4 4 -5 3 -11 -1 8 0 -8 1 
2 -6 4 -4 6 -3 8 -1 7 -2 -11 0 11 1 -7 5 -5 3 -8 
-4 11 -7 5 -3 6 -2 7 -1 8 0 -8 1 -11 2 -6 3 -5 4 
8 -7 7 -2 6 -3 5 -4 4 -5 3 -6 2 11 0 -8 1 -11 -1 
-1 11 1 -8 4 -6 2 -7 3 -5 6 -2 -11 0 8 -3 5 -4 7 
-8 2 -6 3 -7 6 -2 -11 0 8 -5 4 -4 5 -3 7 -1 11 1 
-2 7 -3 5 -7 2 -11 0 -8 1 11 -1 8 -5 3 -6 4 -4 6 
0 11 -3 7 -1 -11 4 -5 3 -8 1 -7 2 -6 5 -4 6 -2 8 
6 -4 8 -2 7 -1 11 3 -11 0 -8 1 -7 2 -6 4 -5 5 -3 
8 -6 4 -5 3 11 2 -7 1 -8 0 -11 -2 6 -3 5 -4 7 -1 
2 -6 7 -7 1 -8 0 -11 3 -5 4 -4 5 -3 6 -2 8 -1 11 
0 -8 2 -6 6 -4 4 -7 3 -5 5 -3 -11 1 11 -1 7 -2 8 
11 -7 8 0 -11 1 -8 2 -6 3 -5 4 -4 5 -3 6 -2 7 -1 
-11 -1 8 -2 6 -3 7 -8 0 11 2 -6 3 -5 5 -4 4 -7 1 
-8 1 11 -5 8 -1 7 -2 6 -3 5 -4 4 -7 2 -6 3 -11 0 
8 0 -8 5 -3 6 -6 2 -7 1 11 3 -5 4 -4 7 -1 -11 -2 
7 -3 6 -6 3 -5 5 -4 4 -11 2 -7 1 -8 0 8 -2 11 -1 
-11 4 -5 3 11 -3 5 -6 2 -7 1 -8 0 8 -1 7 -4 6 -2 
-4 5 -3 8 -2 6 -6 7 -1 -11 2 -8 0 11 1 -7 3 -5 4 
-7 6 -4 5 -3 11 -1 7 -2 8 0 -8 1 -11 4 -5 3 -6 2 
-5 5 -7 3 -6 2 -11 1 -8 0 11 -3 6 -2 7 -1 8 -4 4 
4 -11 0 -8 2 -6 8 -5 3 -7 1 11 -1 7 -2 6 -3 5 -4 
-11 7 -2 8 -1 11 2 -6 6 -3 5 -4 4 -5 3 -7 1 -8 0 
6 -7 8 0 11 -3 5 -4 4 -5 3 -6 2 -8 1 -11 -1 7 -2 
3 -7 5 -4 11 1 -8 0 8 -1 7 -3 6 -2 -11 2 -6 4 -5 
11 3 -5 5 -6 2 -8 1 -7 4 -4 7 -3 6 -2 -11 0 8 -1 
1 -7 8 -1 11 3 -5 7 -2 6 -3 5 -4 4 -6 2 -11 0 -8 
-6 7 -8 1 -11 0 11 -1 8 -2 6 -3 5 -4 4 -5 3 -7 2 
6 -3 -11 2 -7 4 -6 3 -5 5 -4 7 -1 11 1 -8 0 8 -2 
7 -2 -11 1 -8 3 -6 2 -7 6 -5 4 -4 5 -3 11 0 8 -1 
6 -8 0 -11 8 -3 5 -4 4 -5 3 -6 2 -7 1 11 -1 7 -2 
-7 3 -8 1 11 -2 -11 0 8 -1 7 -4 4 -5 6 -3 5 -6 2 
3 11 -2 6 -11 -3 7 -1 8 0 -8 1 -7 2 -6 5 -4 4 -5 
-3 11 1 -7 2 -8 0 8 -2 7 -1 -11 3 -5 6 -6 4 -4 5 
-6 4 -8 0 11 3 -5 5 -3 8 -2 6 -4 7 -1 -11 1 -7 2 
8 -6 11 0 -8 1 -11 2 -7 3 -5 4 -4 5 -3 6 -2 7 -1 
0 8 -8 3 -5 6 -2 7 -1 -11 -3 5 -4 4 -6 2 -7 1 11 
-3 8 -6 5 -4 4 -5 3 -11 1 -7 2 -8 0 11 -1 7 -2 6 
2 -11 3 -7 1 -8 0 11 -4 7 -1 8 -2 6 -3 5 -5 4 -6 
5 -6 7 -3 6 -2 8 0 11 -1 -11 2 -8 1 -7 3 -5 4 -4 
2 11 -11 -1 7 -3 5 -5 4 -4 6 -2 8 0 -8 1 -7 3 -6 
-8 7 -3 6 -2 -11 5 -4 4 -5 3 -6 2 -7 1 11 -1 8 0 
5 -7 11 -4 4 -5 3 -6 2 -8 1 -11 0 8 -1 7 -2 6 -3 
-2 8 -5 7 -1 -11 3 -6 2 -7 1 11 0 -8 4 -4 5 -3 6 
-1 8 -3 -11 4 -5 3 -6 2 -7 1 11 0 -8 5 -4 6 -2 7 
-4 4 -5 3 -7 11 -2 7 -1 8 0 -8 1 -11 2 -6 6 -3 5 
-5 8 -3 6 -2 7 -1 11 1 -11 0 -8 3 -6 2 -7 5 -4 4 
-5 6 -8 2 -6 3 -7 1 -11 0 11 -2 7 -1 8 -3 5 -4 4 
-4 6 -3 5 -8 1 -11 0 8 -2 11 -1 7 -5 3 -6 2 -7 4 
-2 11 2 -7 8 0 -8 1 -11 -1 7 -6 3 -5 4 -4 5 -3 6 
-4 6 -6 5 -3 7 -1 8 0 11 -2 -11 2 -8 1 -7 3 -5 4 
-5 4 -7 1 11 3 -6 2 -8 0 -11 -3 8 -1 7 -2 6 -4 5 
-11 7 -3 5 -6 3 -5 4 -4 6 -2 8 0 -8 1 -7 2 11 -1 
11 -7 3 -5 4 -6 2 -11 -2 6 -4 5 -3 7 -1 8 0 -8 1 
2 -7 5 -5 3 11 1 -8 0 -11 -1 7 -2 6 -3 8 -4 4 -6 
-3 6 -6 11 0 8 -2 7 -1 -11 2 -7 1 -8 3 -5 4 -4 5 
7 -6 6 -2 11 -3 5 -4 4 -5 3 -11 2 -7 1 -8 0 8 -1 
-6 6 -5 3 -11 -1 7 -2 11 1 -7 2 -8 0 8 -3 5 -4 4 
-6 11 -2 6 -4 4 -7 2 -11 1 -8 0 8 -1 7 -3 5 -5 3 
4 -11 5 -3 8 0 -8 1 -7 2 -6 3 -5 11 -1 7 -2 6 -4 
-7 2 -11 8 -6 3 -5 4 -4 5 -3 6 -2 7 -1 11 0 -8 1 
2 -7 8 -11 0 -8 1 11 -1 7 -2 6 -3 5 -4 4 -5 3 -6 
5 -11 1 -8 0 11 -5 3 -6 2 -7 4 -4 7 -1 8 -2 6 -3 
-6 7 -11 -1 11 0 8 -2 6 -3 5 -4 4 -5 3 -7 1 -8 2 
6 -6 11 1 -7 3 -5 4 -4 5 -3 7 -1 -11 2 -8 0 8 -2 
-6 4 -7 1 -8 3 -5 6 -2 11 -1 7 -3 5 -4 8 0 -11 2 
5 -3 7 -7 4 -4 6 -2 8 0 -8 1 11 -1 -11 2 -6 3 -5 
4 -4 8 -11 2 -7 1 -8 0 11 -1 7 -2 6 -3 5 -6 3 -5 
-4 7 -6 5 -3 6 -2 8 -1 -11 1 -8 0 11 2 -7 3 -5 4 
-11 7 -1 8 -3 5 -7 2 -6 3 -5 4 -4 6 -2 11 0 -8 1 
7 -3 5 -7 11 1 -8 2 -6 3 -5 4 -4 6 -2 -11 0 8 -1 
-8 4 -6 2 -7 3 -5 7 -2 6 -4 5 -3 8 -1 -11 0 11 1 
-4 8 -8 1 -11 0 11 -1 7 -2 6 -3 5 -7 2 -6 3 -5 4 
3 -6 8 -1 7 -4 4 -11 1 -7 2 -8 0 11 -2 6 -3 5 -5 
-8 5 -4 8 0 11 -3 6 -2 7 -1 -11 2 -6 4 -5 3 -7 1 
-2 8 -5 7 -1 -11 1 11 0 -8 2 -7 3 -6 4 -4 5 -3 6 
11 -11 7 -1 8 -2 6 -3 5 -4 4 -5 3 -6 2 -7 1 -8 0 
-8 0 8 -3 -11 4 -4 6 -2 7 -1 11 1 -7 2 -6 3 -5 5 
3 -5 5 -4 11 0 8 -1 7 -3 6 -2 -11 1 -7 2 -6 4 -8 
1 -7 6 -5 3 -11 2 -6 4 -4 5 -3 8 -2 7 -1 11 0 -8 
-1 -11 3 -8 1 -7 2 -6 4 -5 7 -3 5 -4 6 -2 8 0 11 
-3 6 -2 8 -11 0 11 -1 7 -5 3 -8 1 -7 2 -6 4 -4 5 
-5 6 -8 2 -7 1 11 -1 8 0 -11 -2 7 -3 5 -4 4 -6 3 
2 -11 6 -7 1 -8 0 11 -1 7 -2 8 -3 5 -4 4 -5 3 -6 
0 8 -6 6 -3 5 -4 4 -5 3 11 -1 7 -2 -11 2 -7 1 -8 
-6 2 -7 5 -4 7 -1 8 -3 6 -2 11 0 -8 1 -11 4 -5 3 
-3 8 -7 2 -6 3 -8 0 -11 1 11 -1 7 -2 6 -4 4 -5 5 
8 -6 5 -3 -11 3 -5 4 -4 6 -2 7 -1 11 1 -7 2 -8 0 
-5 5 -4 11 -3 6 -2 7 -1 8 0 -8 4 -7 1 -11 2 -6 3 
-8 7 -2 -11 1 -7 4 -4 5 -3 6 -5 3 -6 2 11 -1 8 0 
2 -11 -1 7 -3 5 -7 4 -4 8 0 -8 1 11 -2 6 -5 3 -6 
-6 4 -8 1 -11 0 11 -4 8 -1 7 -2 6 -3 5 -5 3 -7 2 
2 -6 7 -5 4 -4 5 -3 6 -2 8 -1 11 3 -8 0 -11 1 -7 
2 11 -6 7 -1 -11 3 -5 4 -4 5 -3 6 -2 8 0 -8 1 -7 
1 -11 3 -5 6 -6 2 -7 4 -4 5 -3 8 -1 7 -2 11 0 -8 
8 -11 4 -4 6 -3 5 -5 3 -6 2 -7 1 -8 0 11 -1 7 -2 
6 -8 5 -3 7 -4 4 -5 3 -6 2 -7 1 -11 0 8 -1 11 -2 
5 -3 11 0 8 -11 -1 7 -2 6 -5 3 -8 1 -7 2 -6 4 -4 
4 -8 8 -1 11 0 -11 1 -7 2 -6 3 -5 7 -2 6 -3 5 -4 
-7 1 -8 5 -4 11 -3 6 -2 7 -1 8 0 -11 3 -5 4 -6 2 
8 -4 11 3 -6 2 -8 0 -11 1 -7 4 -5 5 -3 6 -2 7 -1 
8 0 -8 11 -4 4 -11 1 -7 2 -6 3 -5 5 -3 6 -2 7 -1 
-11 4 -7 2 -6 3 -5 5 -3 11 -4 6 -2 7 -1 8 0 -8 1 
8 -4 4 -11 6 -2 11 0 -8 1 -7 2 -6 3 -5 5 -3 7 -1 
0 -11 2 11 -1 7 -2 6 -3 5 -6 3 -5 8 -4 4 -7 1 -8 
-7 2 11 -5 3 -6 8 -1 7 -2 6 -3 5 -4 4 -8 0 -11 1 
3 -11 2 -6 11 -3 6 -2 7 -1 8 0 -8 1 -7 4 -4 5 -5 
-7 1 11 0 -8 2 -6 8 -5 3 -11 -1 7 -2 6 -3 5 -4 4 
-6 3 -5 7 -7 1 11 -2 6 -3 5 -4 4 -11 -1 8 0 -8 2 
0 11 -5 3 -11 -1 7 -4 4 -6 2 -8 1 -7 5 -3 6 -2 8 
8 -11 -3 6 -2 7 -1 11 3 -5 4 -4 5 -6 2 -7 1 -8 0 
7 -6 4 -5 3 -7 2 -8 0 -11 1 11 -3 5 -4 6 -2 8 -1 
-8 11 -5 3 -6 2 -7 4 -4 5 -3 6 -2 7 -1 8 0 -11 1 
-11 11 3 -6 2 -7 1 -8 0 8 -1 7 -5 4 -4 5 -3 6 -2 
-3 8 -7 3 -6 2 11 0 -8 1 -11 -1 7 -2 6 -4 4 -5 5 
0 -8 4 -7 2 -6 3 -5 7 -1 -11 1 11 -2 6 -3 5 -4 8 
-1 7 -7 5 -3 8 0 11 -2 6 -4 4 -5 3 -6 2 -8 1 -11 
-4 6 -6 3 -8 2 -7 1 -11 -2 7 -1 11 0 8 -3 5 -5 4 
7 -11 6 -2 11 -3 5 -4 4 -5 3 -6 2 -7 1 -8 0 8 -1 
4 -6 3 -7 2 11 -5 6 -2 8 0 -8 1 -11 -1 7 -3 5 -4 
-11 8 -7 2 -6 3 -5 4 -4 5 -3 6 -2 7 -1 11 0 -8 1 
-4 11 -11 5 -3 6 -2 7 -1 8 0 -8 1 -7 2 -6 3 -5 4 
-3 -11 -1 7 -5 5 -4 4 -6 2 -7 1 -8 3 11 0 8 -2 6 
8 -1 11 1 -8 2 -7 4 -6 3 -5 5 -3 7 -4 6 -2 -11 0 
2 -11 8 -6 3 -5 4 -4 5 -3 6 -2 7 -1 11 0 -8 1 -7 
-7 8 -1 -11 5 -3 7 -2 6 -4 4 -5 3 -6 2 -8 0 11 1 
-11 2 -7 7 -3 5 -5 3 -6 4 -4 6 -2 11 1 -8 0 8 -1 
-11 -2 7 -3 5 -8 4 -4 6 -5 3 -6 2 -7 1 11 -1 8 0 
3 -5 4 -6 5 -4 11 2 -8 0 8 -3 6 -2 7 -1 -11 1 -7 
-5 3 -8 0 11 -6 2 -11 1 -7 6 -2 7 -1 8 -3 5 -4 4 
1 -11 11 -6 3 -5 4 -4 5 -3 6 -2 7 -1 8 0 -8 2 -7 
-5 5 -4 11 3 -6 2 -11 -3 6 -2 7 -1 8 0 -8 1 -7 4 
-4 7 -5 3 -8 2 -7 1 11 0 8 -1 -11 -2 6 -3 5 -6 4 
-1 -11 8 -7 1 11 0 -8 2 -6 3 -5 4 -4 5 -3 6 -2 7 
-3 5 -4 6 -7 2 -6 3 -5 4 -8 0 8 -2 -11 1 11 -1 7 
-3 5 -6 11 -2 7 -1 8 0 -11 1 -8 2 -7 3 -5 4 -4 6 
-6 3 -5 6 -2 11 -7 4 -4 5 -3 7 -1 8 0 -8 1 -11 2 
-8 8 -6 3 -5 4 -4 5 -3 6 -2 7 -1 -11 2 -7 1 11 0 
6 -3 -11 -1 8 0 -8 4 -7 1 11 2 -6 3 -5 5 -4 7 -2 
-1 8 -4 5 -11 0 -8 3 -5 4 -6 2 -7 1 11 -3 6 -2 7 
5 -8 2 -6 4 -5 3 -7 1 11 -1 -11 0 8 -4 6 -2 7 -3 
-11 8 -6 3 -5 4 -4 5 -3 6 -2 7 -1 11 1 -7 2 -8 0 
-6 3 11 -4 5 -3 -11 0 8 -1 7 -2 6 -5 4 -7 1 -8 2 
3 -8 8 -2 7 -1 11 0 -11 1 -7 2 -6 6 -3 5 -4 4 -5 
5 -3 -11 2 11 -6 6 -2 7 -1 8 0 -8 1 -7 3 -5 4 -4 
-7 3 -11 -2 6 -6 2 11 -4 4 -5 5 -3 7 -1 8 0 -8 1 
-3 6 -6 8 -2 7 -1 -11 2 -7 1 -8 0 11 3 -5 4 -4 5 
-8 4 -11 0 11 -2 6 -3 7 -1 8 -4 5 -5 3 -6 2 -7 1 
8 -1 -11 6 -8 1 -7 2 -6 3 -5 4 -4 5 -3 7 -2 11 0 
-5 11 -2 6 -8 2 -7 1 -11 0 8 -1 7 -3 5 -4 4 -6 3 
2 -6 7 -1 8 -2 -11 6 -3 5 -4 4 -5 3 11 0 -8 1 -7 
-2 -11 8 -1 7 -3 5 -8 0 11 1 -7 2 -6 3 -5 4 -4 6 
-4 6 -2 -11 8 -1 7 -3 5 -7 1 11 0 -8 2 -6 3 -5 4 
-7 7 -2 -11 1 11 -1 8 0 -8 6 -3 5 -4 4 -5 3 -6 2 
0 -11 7 -3 6 -2 8 -1 11 2 -6 5 -4 4 -5 3 -7 1 -8 
2 11 -7 1 -8 7 -1 8 0 -11 -2 6 -3 5 -4 4 -5 3 -6 
0 -11 1 -7 3 -5 5 -6 2 11 -3 6 -2 7 -1 8 -4 4 -8 
3 -6 5 -7 1 -11 -1 8 0 -8 2 11 -2 6 -3 7 -4 4 -5 
2 -6 11 0 -8 7 -1 8 -2 6 -3 5 -4 4 -5 3 -7 1 -11 
0 8 -11 -1 7 -4 5 -3 6 -2 11 2 -6 4 -5 3 -7 1 -8 
-6 6 -5 3 11 -2 -11 1 -8 0 8 -1 7 -3 5 -4 4 -7 2 
-1 7 -11 2 -6 6 -2 8 -3 5 -4 4 -5 3 -7 1 -8 0 11 
5 -11 -1 8 -5 3 -6 2 -7 1 11 0 -8 4 -4 7 -2 6 -3 
-11 -3 5 -7 11 1 -8 0 8 -1 7 -2 6 -4 4 -5 3 -6 2 
-1 -11 8 -3 5 -6 2 -8 0 11 1 -7 3 -5 4 -4 6 -2 7 
11 -8 3 -6 2 -7 1 -11 -1 7 -2 6 -3 5 -5 4 -4 8 0 
5 -3 11 -2 7 -1 8 0 -11 2 -6 4 -5 3 -7 1 -8 6 -4 
4 -11 5 -5 3 -6 2 -7 1 -8 0 11 -2 6 -3 8 -1 7 -4 
4 -6 5 -5 3 -11 -2 7 -1 8 0 -8 2 -7 1 11 -3 6 -4 
-3 11 -8 2 -6 3 -5 5 -4 4 -7 1 -11 0 8 -1 7 -2 6 
-1 11 -6 4 -5 3 -8 2 -7 1 -11 0 8 -3 5 -4 6 -2 7 
-2 6 -8 8 0 11 1 -7 2 -6 3 -5 4 -4 5 -3 7 -1 -11 
-2 11 2 -6 5 -7 3 -5 4 -4 8 0 -8 1 -11 -1 7 -3 6 
7 -3 5 -7 4 -5 3 -6 2 -11 -2 6 -4 11 1 -8 0 8 -1 
1 -7 11 -11 0 8 -1 7 -2 6 -3 5 -4 4 -5 3 -6 2 -8 
4 -4 7 -3 5 -7 6 -2 8 -1 -11 0 11 1 -8 2 -6 3 -5 
11 -2 6 -4 5 -11 -3 7 -1 8 0 -8 3 -5 4 -6 2 -7 1 
-1 11 2 -7 3 -6 6 -4 4 -5 5 -3 7 -2 8 0 -8 1 -11 
7 -4 8 0 11 2 -7 1 -8 3 -5 4 -6 5 -3 6 -2 -11 -1 
-8 11 -6 2 -11 1 -7 3 -5 4 -4 5 -3 6 -2 7 -1 8 0 
2 -11 6 -6 3 -5 4 -4 5 -3 11 -1 7 -2 8 0 -8 1 -7 
6 -3 5 -7 11 -2 7 -1 8 0 -11 1 -8 2 -6 3 -5 4 -4 
-11 11 -4 4 -7 1 -8 2 -6 3 -5 5 -3 6 -2 7 -1 8 0 
1 -11 6 -3 5 -5 3 -8 0 11 -2 8 -1 7 -4 4 -6 2 -7 
11 2 -6 4 -4 8 -5 3 -8 1 -7 5 -3 6 -2 7 -1 -11 0 
0 -11 8 -1 11 3 -5 5 -3 6 -2 7 -4 4 -6 2 -7 1 -8 
5 -6 4 -4 6 -5 3 -11 1 -7 2 -8 0 8 -2 11 -1 7 -3 
0 -11 -1 8 -7 5 -3 7 -2 6 -4 4 -5 3 -6 2 11 1 -8 
5 -6 2 -11 3 -5 4 -4 11 -7 1 -8 0 8 -1 7 -2 6 -3 
11 -8 2 -7 1 -11 -1 7 -6 3 -5 4 -4 5 -3 6 -2 8 0 
-6 11 -8 0 8 -1 7 -2 6 -3 5 -4 4 -5 3 -11 1 -7 2 
5 -11 3 -5 7 -2 6 -4 4 -6 2 -7 1 -8 0 8 -1 11 -3 
-4 7 -8 0 -11 1 11 -1 8 -2 6 -3 5 -5 3 -7 2 -6 4 
3 -8 4 -6 2 -7 1 -11 -3 5 -4 7 -1 8 0 11 -2 6 -5 
3 -5 6 -7 4 -4 5 -3 -11 0 8 -2 7 -1 11 1 -8 2 -6 
-8 3 -5 11 -4 5 -3 6 -2 7 -1 8 0 -11 1 -7 4 -6 2 
-11 1 11 -5 7 -2 6 -3 5 -4 4 -7 2 -6 3 -8 0 8 -1 
-4 8 -11 3 -5 5 -3 6 -2 7 -1 11 0 -8 1 -7 2 -6 4 
4 -6 3 -7 2 11 -4 5 -3 8 0 -8 1 -11 -1 7 -2 6 -5 
8 -7 4 -4 7 -1 -11 0 11 1 -8 2 -6 3 -5 5 -3 6 -2 
1 -11 -2 11 2 -8 0 8 -1 7 -6 4 -4 5 -3 6 -5 3 -7 
8 -3 6 -4 4 -6 2 -11 3 -5 5 -7 1 -8 0 11 -1 7 -2 
-8 2 -7 11 -2 6 -5 3 -6 4 -4 5 -3 7 -1 8 0 -11 1 
-1 8 -3 6 -2 11 3 -8 0 -11 1 -7 2 -6 4 -4 5 -5 7 
11 -6 5 -3 6 -4 4 -5 3 -8 1 -7 2 -11 -2 7 -1 8 0 
-6 3 11 -1 8 -5 7 -2 6 -3 5 -4 4 -8 0 -11 1 -7 2 
-2 7 -6 3 -7 2 -11 -1 11 1 -8 0 8 -4 4 -5 5 -3 6 
0 -11 -3 6 -5 5 -4 4 -8 2 -6 3 -7 1 11 -2 7 -1 8 
-8 1 -11 -3 5 -5 11 3 -6 2 -7 4 -4 6 -2 7 -1 8 0 
-1 -11 -2 7 -4 4 -8 6 -3 5 -5 3 -6 2 -7 1 11 0 8 
-7 4 -5 6 -4 5 -3 11 -2 7 -1 8 0 -8 3 -6 2 -11 1 
-3 6 -7 5 -4 4 -5 3 -6 2 -11 1 -8 0 11 -1 7 -2 8 
1 -7 8 -6 3 -5 4 -4 5 -3 6 -2 7 -1 11 2 -11 0 -8 
2 -8 7 -5 4 -4 5 -3 6 -2 -11 0 8 -1 11 1 -7 3 -6 
-8 6 -4 4 -7 2 -6 3 -5 5 -3 -11 -1 7 -2 8 0 11 1 
11 -6 4 -4 7 -1 8 0 -8 2 -7 3 -5 5 -3 6 -2 -11 1 
7 -1 11 3 -11 0 -8 1 -7 2 -6 8 -4 4 -5 5 -3 6 -2 
-6 2 11 -7 1 -8 6 -2 8 0 -11 -1 7 -3 5 -4 4 -5 3 
-1 8 -5 4 -8 2 -6 3 -7 1 -11 0 11 -2 6 -4 5 -3 7 
4 -8 6 -3 11 0 8 -1 7 -2 -11 1 -7 2 -6 3 -5 5 -4 
1 -8 7 -5 4 -4 5 -3 6 -2 -11 -1 8 0 11 3 -6 2 -7 
8 -8 5 -3 6 -2 -11 -1 7 -4 4 -5 3 -6 2 -7 1 11 0 
-8 3 -5 8 -3 5 -7 1 -11 2 -6 4 -4 6 -2 7 -1 11 0 
-11 0 8 -7 5 -3 6 -2 11 1 -8 2 -6 3 -5 4 -4 7 -1 
-6 4 -11 1 -7 3 -5 11 -3 5 -4 6 -2 7 -1 8 0 -8 2 
-11 6 -2 11 -1 7 -7 1 -8 2 -6 3 -5 4 -4 5 -3 8 0 
3 -6 2 -11 -2 6 -4 4 -7 8 0 -8 1 11 -1 7 -3 5 -5 
3 -11 0 -8 7 -4 5 -3 6 -2 8 -1 11 1 -7 2 -6 4 -5 
5 -6 7 -4 4 -5 3 -7 1 -11 0 -8 2 11 -1 8 -2 6 -3 
8 -2 7 -1 11 -7 2 -6 5 -3 6 -4 4 -5 3 -11 1 -8 0 
5 -5 6 -4 4 -8 0 -11 1 -7 2 -6 3 11 -1 8 -2 7 -3 
6 -3 5 -7 4 -4 11 -1 8 0 -8 1 -11 2 -6 3 -5 7 -2 
3 -6 8 -4 5 -3 6 -2 7 -1 -11 0 -8 2 11 1 -7 4 -5 
7 -5 8 0 11 2 -8 1 -7 3 -6 4 -4 5 -3 6 -2 -11 -1 
1 -11 5 -8 0 8 -2 11 -1 7 -3 6 -4 4 -5 3 -6 2 -7 
6 -2 8 -8 4 -4 7 -1 -11 0 11 1 -7 2 -6 3 -5 5 -3 
3 -8 7 -4 4 -6 2 -7 1 11 0 -11 -1 8 -2 6 -3 5 -5 
-3 7 -11 1 -7 4 -4 6 -2 11 -1 8 0 -8 2 -6 3 -5 5 
2 11 0 -11 -3 8 -1 7 -2 6 -6 5 -4 4 -5 3 -8 1 -7 
6 -2 7 -5 3 -11 2 -7 1 -8 0 11 -1 8 -6 4 -4 5 -3 
0 -8 5 -7 1 -11 -3 7 -2 6 -4 4 -5 3 -6 2 11 -1 8 
-11 -2 8 -1 7 -8 4 -4 5 -3 6 -5 3 -6 2 -7 1 11 0 
2 11 0 -8 8 -6 3 -5 4 -4 5 -3 6 -2 7 -1 -11 1 -7 
2 11 -7 1 -8 6 -2 -11 0 8 -1 7 -3 5 -4 4 -5 3 -6 
0 8 -8 1 -7 7 -1 11 -2 6 -3 5 -4 4 -5 3 -6 2 -11 
-3 7 -5 3 -7 5 -4 4 -6 2 11 0 -8 1 -11 -1 8 -2 6 
-8 4 -11 1 -7 2 -6 3 -5 5 -4 6 -2 11 -3 7 -1 8 0 
3 -5 11 -3 5 -6 2 -8 1 -7 4 -4 6 -2 7 -1 8 0 -11 
-6 5 -7 3 -5 4 -4 7 -1 11 0 8 -3 6 -2 -11 1 -8 2 
7 -4 4 -11 5 -5 3 -6 2 -7 1 -8 0 11 -3 6 -2 8 -1 
-6 2 -11 11 -5 3 -7 1 -8 0 8 -1 7 -2 6 -3 5 -4 4 
8 -8 4 -5 3 -6 2 -7 1 -11 -2 6 -3 5 -4 7 -1 11 0 
-6 8 -2 7 -1 11 0 -11 5 -3 6 -4 4 -5 3 -7 1 -8 2 
5 -7 2 -6 6 -4 4 -5 3 -11 -1 11 1 -8 0 8 -2 7 -3 
3 11 -7 1 -8 0 -11 2 -6 4 -4 5 -3 7 -1 8 -2 6 -5 
-1 11 3 -11 -2 8 0 -8 1 -7 2 -6 6 -3 5 -5 4 -4 7 
4 -7 1 -11 11 -2 6 -3 7 -1 8 0 -8 2 -6 3 -5 5 -4 
3 -5 7 -8 0 8 -2 6 -3 5 -4 4 -7 1 11 -1 -11 2 -6 
-8 2 11 -2 8 0 -11 -1 7 -3 5 -5 3 -6 6 -4 4 -7 1 
-5 3 11 -1 -11 1 -7 5 -3 7 -6 2 -8 0 8 -2 6 -4 4 
-4 6 -3 11 2 -7 1 -8 0 8 -1 7 -2 -11 3 -6 5 -5 4 
11 -8 3 -5 7 -1 8 -2 6 -3 5 -4 4 -6 2 -7 1 -11 0 
2 -8 8 -4 5 -3 6 -2 7 -1 11 0 -11 1 -7 3 -5 4 -6 
-8 0 -11 11 1 -7 2 -6 5 -3 6 -2 8 -1 7 -4 4 -5 3 
-8 11 -11 0 8 -1 7 -2 6 -3 5 -4 4 -5 3 -6 2 -7 1 
7 -1 11 2 -11 -2 8 0 -8 1 -7 5 -6 3 -5 4 -4 6 -3 
-6 3 -8 1 -11 -2 8 0 11 -1 7 -5 6 -3 5 -4 4 -7 2 
-6 6 -2 7 -4 4 -7 3 -5 5 -3 11 1 -11 -1 8 0 -8 2 
4 -4 8 -8 3 -6 2 -7 1 11 0 -11 -1 7 -2 6 -3 5 -5 
7 -5 8 0 -8 2 -11 1 -7 3 -6 4 -4 5 -3 6 -2 11 -1 
-2 11 -3 7 -1 8 0 -11 3 -7 1 -8 2 -6 5 -4 4 -5 6 
-7 5 -5 4 -4 11 -1 7 -2 6 -3 8 0 -8 1 -11 2 -6 3 
-8 8 -4 5 -3 6 -2 7 -1 -11 2 -6 3 -5 4 -7 1 11 0 
-3 -11 2 -7 4 -6 3 -5 5 -4 6 -2 11 1 -8 0 8 -1 7 
8 -7 6 -3 5 -4 4 -5 3 -6 2 11 1 -8 0 -11 -2 7 -1 
-1 8 -6 3 -11 0 -8 2 -7 1 11 -4 4 -5 5 -3 6 -2 7 
8 -2 7 -5 6 -3 5 -4 4 -11 2 -6 3 -7 1 -8 0 11 -1 
-7 3 11 0 -11 -2 8 -1 7 -3 6 -4 4 -5 5 -6 2 -8 1 
5 -8 3 -5 8 0 -11 -1 11 1 -7 2 -6 4 -4 7 -2 6 -3 
-11 3 11 -3 6 -5 5 -4 4 -6 2 -7 1 -8 0 8 -1 7 -2 
2 -7 8 -4 5 -3 6 -2 7 -1 11 1 -11 0 -8 3 -5 4 -6 
3 -8 2 -7 1 -11 -3 6 -2 11 0 8 -1 7 -5 5 -4 4 -6 
5 -3 -11 0 8 -2 7 -1 11 1 -8 3 -5 4 -4 6 -7 2 -6 
0 -8 5 -6 3 -5 4 -4 11 1 -7 2 -11 -3 6 -2 7 -1 8 
-11 6 -7 2 -6 3 -5 4 -4 5 -3 8 0 -8 1 11 -1 7 -2 
11 -11 2 -7 1 -8 0 8 -2 6 -3 5 -6 3 -5 4 -4 7 -1 
3 -7 5 -6 2 -11 1 -8 0 8 -2 11 -1 7 -3 6 -4 4 -5 
11 -5 3 -8 0 -11 6 -2 7 -1 8 -3 5 -4 4 -6 2 -7 1 
-5 5 -8 0 -11 3 -6 2 -7 1 11 -2 6 -3 8 -1 7 -4 4 
-6 11 1 -11 0 -8 3 -5 6 -2 8 -1 7 -3 5 -4 4 -7 2 
-7 2 -6 6 -3 5 -4 7 -1 -11 -2 8 0 -8 1 11 3 -5 4 
-5 4 -6 3 -7 2 11 1 -8 0 -11 -2 6 -4 7 -1 8 -3 5 
-8 11 -1 8 0 -11 2 -6 5 -3 7 -2 6 -4 4 -5 3 -7 1 
5 -6 4 -5 3 -7 1 -8 0 11 2 -11 -3 6 -2 7 -1 8 -4 
-7 3 -11 1 -8 0 11 -4 4 -5 8 -1 7 -2 6 -3 5 -6 2 
0 11 1 -8 2 -7 4 -4 5 -3 7 -1 -11 -2 6 -5 3 -6 8 
1 -11 0 -8 7 -6 2 11 -1 8 -2 6 -3 5 -4 4 -5 3 -7 
-2 8 -4 5 -8 1 -7 2 -6 4 -5 3 11 0 -11 -1 7 -3 6 
-2 6 -11 2 -7 1 -8 0 11 -4 4 -6 3 -5 5 -3 8 -1 7 
-1 -11 -3 5 -7 3 -6 2 -8 1 11 0 8 -5 4 -4 6 -2 7 
-1 7 -3 11 2 -6 4 -4 5 -8 0 8 -2 6 -5 3 -7 1 -11 
1 11 -6 2 -7 4 -5 3 -8 0 8 -1 7 -2 6 -4 5 -3 -11 
5 -3 7 -7 4 -4 6 -2 8 -1 -11 1 -8 0 11 2 -6 3 -5 
7 -3 8 0 11 2 -7 1 -8 3 -5 4 -4 5 -6 6 -2 -11 -1 
4 -11 -1 7 -5 11 2 -6 3 -7 1 -8 0 8 -2 6 -3 5 -4 
1 -8 2 -6 8 -5 3 -11 0 11 -1 7 -2 6 -3 5 -4 4 -7 
7 -2 6 -3 5 -7 1 -11 0 -8 8 -4 4 -5 3 -6 2 11 -1 
0 8 -2 6 -8 5 -3 -11 1 -7 2 -6 3 -5 4 -4 7 -1 11 
-3 7 -4 4 -7 6 -2 8 0 -8 1 11 -1 -11 2 -6 3 -5 5 
-2 8 -3 5 -4 6 -6 2 11 1 -7 4 -5 3 -8 0 -11 -1 7 
1 -7 11 2 -11 -1 7 -3 5 -4 4 -6 3 -5 6 -2 8 0 -8 
-3 6 -5 8 -1 7 -2 -11 2 -7 1 -8 0 11 3 -6 4 -4 5 
3 -11 6 -5 4 -4 5 -3 8 -1 7 -2 11 0 -8 1 -7 2 -6 
-2 11 3 -11 -3 5 -5 4 -4 6 -6 2 -7 1 -8 0 8 -1 7 
-7 1 -11 -1 11 0 8 -2 7 -3 6 -6 4 -4 5 -5 3 -8 2 
11 -6 8 -1 7 -2 6 -3 5 -4 4 -5 3 -8 1 -7 2 -11 0 
-7 5 -4 7 -2 6 -3 -11 -1 8 0 -8 1 11 3 -5 4 -6 2 
5 -6 8 0 11 -1 7 -3 6 -2 -11 2 -8 1 -7 3 -5 4 -4 
-4 7 -1 11 -5 3 -8 5 -3 6 -2 8 0 -11 1 -7 2 -6 4 
-5 7 -3 5 -7 3 -6 2 -11 -1 11 1 -8 0 8 -2 6 -4 4 
3 -6 4 -7 2 -11 -2 7 -1 8 0 -8 1 11 -4 6 -3 5 -5 
-11 2 -7 3 -6 11 -3 5 -5 4 -4 6 -2 7 -1 8 0 -8 1 
8 -7 3 -6 2 11 -3 5 -4 4 -5 6 -2 7 -1 -11 1 -8 0 
6 -5 3 11 -8 1 -7 2 -6 4 -4 5 -3 8 0 -11 -1 7 -2 
11 -1 -11 2 -8 1 -7 5 -4 4 -5 3 -6 7 -2 6 -3 8 0 
-2 11 -6 7 -1 8 0 -11 2 -8 1 -7 3 -5 4 -4 5 -3 6 
3 -5 6 -11 1 -7 4 -4 5 -3 8 -2 7 -1 11 0 -8 2 -6 
6 -8 5 -3 11 -4 4 -5 3 -6 2 -7 1 -11 0 8 -1 7 -2 
-6 7 -1 11 -8 2 -7 1 -11 0 8 -2 6 -3 5 -4 4 -5 3 
4 -5 7 -11 0 -8 1 -7 2 -6 3 11 -1 8 -2 6 -3 5 -4 
7 -5 5 -4 4 -7 3 -6 2 -11 -3 6 -2 8 0 -8 1 11 -1 
-4 4 -11 -3 6 -2 8 -1 7 -6 2 11 0 -8 1 -7 3 -5 5 
5 -11 6 -3 8 -2 7 -1 11 0 -8 1 -7 2 -6 3 -5 4 -4 
5 -6 2 11 -3 7 -2 6 -7 1 -11 -1 8 0 -8 3 -5 4 -4 
6 -7 1 -11 2 -8 0 8 -1 7 -4 4 -6 3 -5 5 -3 11 -2 
6 -8 5 -4 4 -5 3 -6 2 -7 1 11 -3 8 0 -11 -1 7 -2 
-2 6 -4 5 -7 4 -5 3 -6 2 11 -3 8 0 -8 1 -11 -1 7 
4 -7 2 -11 -1 8 0 -8 1 11 -3 5 -5 3 -6 7 -2 6 -4 
-1 11 -8 4 -4 5 -5 3 -6 2 -7 1 -11 0 8 -3 6 -2 7 
-6 5 -11 3 -5 4 -4 7 -1 8 -3 6 -2 11 0 -8 1 -7 2 
6 -3 8 -4 5 -7 2 -6 3 -5 4 -8 0 11 1 -11 -1 7 -2 
-5 8 0 11 -11 -1 7 -2 6 -3 5 -4 4 -6 2 -8 1 -7 3 
-3 -11 3 -5 6 -4 4 -7 1 11 -2 7 -1 8 0 -8 2 -6 5 
-8 5 -4 6 -2 7 -1 11 2 -6 3 -5 4 -7 1 -11 -3 8 0 
-1 11 0 -8 3 -6 2 -7 1 -11 8 -4 4 -5 5 -3 6 -2 7 
-5 6 -8 2 -7 1 -11 -1 11 0 8 -2 7 -3 5 -4 4 -6 3 
-4 7 -11 3 -6 2 -7 1 -8 0 8 -1 11 -2 6 -3 5 -5 4 
2 11 -1 7 -5 8 -2 6 -3 5 -4 4 -8 0 -11 1 -7 3 -6 
-11 -1 11 1 -7 7 -6 2 -8 3 -5 4 -4 5 -3 6 -2 8 0 
-3 -11 4 -7 2 -6 3 -5 11 1 -8 0 8 -1 7 -2 6 -4 5 
-3 7 -4 6 -2 11 1 -11 -1 8 0 -8 2 -6 3 -7 4 -5 5 
8 -1 -11 5 -7 2 -6 3 -5 4 -4 6 -3 7 -2 11 1 -8 0 
-1 7 -3 6 -11 5 -4 4 -5 3 -6 2 -7 1 -8 0 11 -2 8 
2 -6 6 -2 8 -5 4 -4 5 -3 7 -1 11 3 -11 0 -8 1 -7 
-8 6 -7 2 -6 3 -5 4 -4 5 -3 8 0 11 -2 7 -1 -11 1 
8 -11 5 -3 7 -2 6 -4 4 -5 3 -6 2 -7 1 -8 0 11 -1 
0 11 -2 -11 3 -8 1 -7 2 -6 6 -4 4 -5 5 -3 7 -1 8 
0 -11 7 -7 2 -6 3 -5 4 -4 5 -3 6 -2 8 -1 11 1 -8 
-3 7 -4 5 -6 4 -5 3 -11 -1 8 0 -8 1 -7 2 11 -2 6 
1 11 -1 -11 6 -2 8 0 -8 2 -6 4 -4 7 -3 5 -5 3 -7 
-6 7 -7 2 -11 -1 11 1 -8 0 8 -2 6 -3 5 -4 4 -5 3 
-1 11 3 -6 5 -3 -11 2 -7 1 -8 0 8 -5 4 -4 6 -2 7 
2 -8 6 -4 4 -6 3 -5 5 -3 7 -1 8 0 -11 -2 11 1 -7 
-11 -2 11 2 -6 7 -1 8 0 -8 3 -5 6 -3 5 -4 4 -7 1 
2 -8 0 11 -7 1 -11 5 -3 6 -2 7 -1 8 -4 4 -5 3 -6 
7 -1 11 2 -7 8 0 -8 1 -11 -2 6 -5 3 -6 4 -4 5 -3 
-6 2 11 -7 4 -4 5 -3 8 0 -8 1 -11 -1 7 -2 6 -5 3 
7 -6 3 -7 2 -11 0 -8 1 11 -3 5 -4 4 -5 6 -2 8 -1 
-1 8 -7 11 0 -8 1 -11 2 -6 3 -5 4 -4 5 -3 6 -2 7 
4 -5 7 -8 1 -7 3 -6 2 11 -1 8 0 -11 -2 6 -3 5 -4 
7 -11 1 -8 0 8 -2 6 -7 2 -6 3 -5 4 -4 5 -3 11 -1 
0 -11 8 -7 1 11 -1 7 -2 6 -3 5 -4 4 -5 3 -6 2 -8 
11 -1 -11 0 8 -5 7 -2 6 -3 5 -4 4 -8 1 -7 2 -6 3 
4 -7 8 -4 5 -3 6 -2 7 -1 -11 0 -8 1 11 2 -6 3 -5 
-11 11 -8 0 8 -1 7 -2 6 -3 5 -4 4 -5 3 -6 2 -7 1 
-1 11 -4 6 -2 7 -3 5 -5 3 -11 2 -6 4 -7 1 -8 0 8 
-1 -11 0 11 3 -8 1 -7 2 -6 8 -4 4 -5 5 -3 6 -2 7 
8 0 11 1 -8 6 -2 7 -1 -11 -3 5 -4 4 -5 3 -7 2 -6 
1 -11 2 -7 4 -5 3 -6 5 -4 11 -3 6 -2 7 -1 8 0 -8 
1 -7 6 -6 2 -8 3 -5 4 -4 5 -3 7 -2 11 0 8 -1 -11 
4 -8 7 -3 5 -5 3 -6 2 -7 1 11 0 8 -1 -11 -2 6 -4 
2 -8 0 -11 -1 8 -6 7 -2 6 -3 5 -4 4 -5 3 -7 1 11 
-7 8 -5 4 -4 5 -3 6 -2 7 -1 11 0 -8 3 -6 2 -11 1 
-4 4 -7 3 -6 2 -11 -2 8 0 -8 1 11 -1 7 -5 6 -3 5 
-5 6 -8 1 -11 -1 8 0 11 -2 7 -3 5 -4 4 -6 2 -7 3 
5 -6 3 11 -2 -11 2 -7 1 -8 0 8 -1 7 -5 4 -4 6 -3 
-6 3 -11 5 -5 4 -4 8 -1 7 -2 6 -3 11 0 -8 1 -7 2 
-11 6 -8 1 -7 2 -6 3 -5 4 -4 5 -3 7 -1 8 0 11 -2 
-2 8 -6 2 11 1 -7 3 -8 0 -11 -1 7 -5 4 -4 5 -3 6 
-6 8 -1 -11 7 -2 6 -3 5 -4 4 -5 3 11 0 -8 1 -7 2 
-11 0 -8 7 -1 8 -4 4 -5 5 -3 6 -2 11 3 -6 2 -7 1 
-7 1 11 2 -8 0 -11 -2 6 -3 8 -1 7 -6 3 -5 5 -4 4 
1 -11 3 -8 0 8 -5 6 -2 7 -1 11 -3 5 -4 4 -6 2 -7 
-3 7 -8 2 -6 5 -4 4 -5 3 -7 1 -11 -1 8 0 11 -2 6 
8 -1 11 -4 5 -3 7 -2 6 -11 3 -5 4 -6 2 -7 1 -8 0 
-5 4 -4 7 -8 5 -3 6 -2 11 0 8 -1 -11 1 -7 2 -6 3 
-8 3 -7 1 -11 2 -6 7 -3 5 -5 4 -4 6 -2 11 -1 8 0 
-7 4 -8 2 -6 3 -5 5 -4 6 -2 7 -3 8 0 11 -1 -11 1 
-8 0 8 -7 3 -6 2 11 -5 4 -4 5 -3 6 -2 7 -1 -11 1 
3 11 -6 5 -3 8 0 -8 1 -7 2 -11 -1 7 -2 6 -4 4 -5 
1 11 -8 4 -4 7 -1 8 0 -11 -2 6 -3 5 -5 3 -6 2 -7 
-4 8 -6 2 11 3 -7 1 -8 0 -11 -1 7 -2 6 -3 5 -5 4 
0 -11 7 -4 4 -5 3 11 -1 8 -2 6 -3 5 -6 2 -7 1 -8 
11 -11 8 -1 7 -2 6 -3 5 -4 4 -5 3 -6 2 -7 1 -8 0 
4 -5 3 -7 5 -6 2 -11 0 -8 1 11 -1 8 -3 7 -2 6 -4 
-4 8 -7 4 -5 3 -6 2 -11 1 -8 0 11 -1 7 -2 6 -3 5 
-3 5 -11 4 -5 3 -6 2 -7 1 -8 0 11 -2 6 -4 7 -1 8 
1 11 2 -6 3 -8 0 -11 -1 8 -4 4 -5 7 -2 6 -3 5 -7 
5 -7 7 -4 4 -5 3 -6 2 11 1 -8 0 8 -1 -11 -2 6 -3 
-2 6 -3 -11 -1 7 -6 2 11 1 -7 4 -4 5 -5 3 -8 0 8 
7 -6 11 -1 8 0 -8 1 -7 2 -11 3 -5 4 -4 5 -3 6 -2 
-2 -11 -3 6 -5 4 -4 5 -6 3 -7 2 -8 1 11 0 8 -1 7 
2 -7 5 -8 0 8 -1 11 1 -11 -3 6 -2 7 -4 4 -5 3 -6 
-6 3 -11 7 -3 5 -4 4 -5 6 -2 8 -1 11 0 -8 1 -7 2 
-4 6 -3 8 -2 7 -1 -11 3 -5 4 -7 1 -8 0 11 2 -6 5 
7 -2 6 -7 1 -11 4 -5 3 -6 2 -8 0 8 -3 5 -4 11 -1 
5 -7 7 -3 6 -2 8 0 -11 -1 11 1 -8 2 -6 3 -5 4 -4 
-1 7 -3 11 2 -11 0 -8 1 -7 5 -6 3 -5 4 -4 6 -2 8 
4 -11 7 -1 8 -3 6 -2 11 0 -8 1 -7 2 -6 3 -5 5 -4 
11 -7 8 -1 7 -2 6 -3 5 -4 4 -5 3 -6 2 -8 0 -11 1 
-3 -11 11 0 8 -1 7 -2 6 -7 1 -8 2 -6 3 -5 4 -4 5 
2 -11 7 -1 8 -6 3 -5 4 -4 5 -3 6 -2 11 0 -8 1 -7 
-3 6 -7 2 11 -2 7 -1 -11 1 -8 0 8 -4 4 -6 3 -5 5 
-6 6 -2 7 -1 11 3 -7 1 -11 -3 5 -4 4 -5 8 0 -8 2 
-5 6 -6 3 11 2 -7 1 -8 0 8 -1 7 -2 -11 -3 5 -4 4 
3 -8 4 -5 6 -4 5 -3 -11 -2 7 -1 8 0 11 1 -7 2 -6 
11 -2 -11 0 8 -1 7 -6 6 -3 5 -4 4 -5 3 -7 2 -8 1 
1 -11 0 8 -3 7 -1 11 -2 6 -6 4 -4 5 -5 3 -8 2 -7 
-3 6 -7 7 -1 11 1 -8 0 8 -2 -11 2 -6 3 -5 4 -4 5 
-11 -2 11 1 -7 2 -8 3 -6 4 -5 5 -3 6 -4 7 -1 8 0 
5 -5 3 -11 8 -1 7 -4 4 -6 2 -7 1 -8 0 11 -2 6 -3 
2 -8 1 11 -3 7 -1 -11 0 8 -2 6 -4 5 -6 4 -5 3 -7 
-8 6 -3 11 2 -6 3 -5 5 -4 4 -7 1 -11 -1 7 -2 8 0 
-2 8 -5 6 -3 5 -4 4 -11 1 -7 3 -6 2 -8 0 11 -1 7 
-2 7 -5 11 0 8 -1 -11 2 -6 3 -8 1 -7 4 -4 5 -3 6 
-8 3 -6 11 -4 4 -5 5 -3 6 -2 7 -1 8 0 -11 1 -7 2 
2 -6 7 -5 3 -11 -1 11 0 8 -2 6 -3 5 -4 4 -7 1 -8 
2 -11 6 -7 1 -8 0 8 -2 7 -1 11 -3 5 -4 4 -5 3 -6 
8 -5 4 -6 2 -8 0 -11 1 -7 3 11 -2 6 -4 5 -3 7 -1 
-2 8 -3 5 -6 4 -5 3 -7 1 -11 2 -8 0 11 -1 7 -4 6 
0 -8 4 -4 7 -3 5 -5 3 11 1 -7 2 -6 6 -2 8 -1 -11 
8 -5 7 -1 11 -2 6 -3 5 -4 4 -8 1 -7 3 -6 2 -11 0 
4 -6 7 -2 8 -1 11 1 -7 2 -8 0 -11 3 -5 6 -3 5 -4 
11 -3 8 0 -8 1 -11 3 -5 4 -4 5 -7 2 -6 6 -2 7 -1 
5 -7 6 -4 4 -5 3 -6 2 -11 -2 11 1 -8 0 8 -1 7 -3 
-7 8 -11 1 -8 0 11 -1 7 -2 6 -3 5 -4 4 -5 3 -6 2 
-4 11 -11 5 -3 6 -2 7 -1 8 0 -8 1 -7 2 -6 3 -5 4 
4 -7 5 -5 3 -6 2 11 0 -8 1 -11 -3 7 -1 8 -2 6 -4 
-4 4 -6 8 -3 5 -5 3 11 0 -8 2 -7 1 -11 -1 7 -2 6 
-3 5 -4 6 -6 2 -7 3 -5 4 -8 1 11 -2 7 -1 8 0 -11 
4 -6 6 -4 5 -3 8 -1 7 -2 -11 0 -8 1 11 2 -7 3 -5 
3 -6 5 -5 4 -4 7 -2 6 -3 11 2 -7 1 -8 0 8 -1 -11 
6 -5 8 0 -8 4 -4 5 -3 11 1 -7 3 -6 2 -11 -1 7 -2 
-1 -11 8 -5 3 -8 0 11 1 -7 2 -6 4 -4 5 -3 6 -2 7 
-1 -11 5 -8 0 11 1 -7 2 -6 3 -5 4 -4 7 -2 6 -3 8 
3 -8 0 11 -3 6 -2 7 -1 8 -5 4 -4 5 -6 2 -7 1 -11 
-5 8 -2 7 -1 11 3 -6 2 -11 0 -8 1 -7 6 -3 5 -4 4 
-6 6 -11 -2 7 -1 11 1 -7 3 -5 4 -4 5 -3 8 0 -8 2 
-5 11 1 -8 6 -2 7 -1 8 0 -11 -3 5 -4 4 -6 2 -7 3 
4 -6 5 -3 8 -4 6 -2 7 -1 -11 2 -8 0 11 1 -7 3 -5 
-7 2 -6 3 -5 8 -3 5 -4 6 -2 7 -1 -11 1 11 0 -8 4 
0 11 -4 7 -2 6 -3 5 -5 4 -7 2 -6 3 -8 1 -11 -1 8 
-3 6 -11 3 -6 2 -7 1 -8 0 11 -2 8 -1 7 -5 4 -4 5 
-6 6 -5 4 -4 5 -3 7 -1 11 0 8 -2 -11 3 -8 1 -7 2 
-8 0 -11 6 -2 7 -5 3 -7 2 -6 4 -4 5 -3 8 -1 11 1 
0 8 -6 3 11 -5 4 -4 5 -3 6 -2 7 -1 -11 2 -7 1 -8 
-6 5 -7 2 -11 -3 11 1 -8 0 8 -1 7 -2 6 -4 4 -5 3 
-6 11 -4 4 -11 2 -7 1 -8 0 8 -1 7 -2 6 -3 5 -5 3 
3 -7 7 -6 2 11 -1 8 0 -8 1 -11 -2 6 -3 5 -4 4 -5 
3 -5 5 -8 2 -6 4 -4 8 -3 6 -2 7 -1 11 0 -11 1 -7 
5 -7 3 -6 2 -8 0 -11 1 11 -5 4 -4 7 -1 8 -2 6 -3 
5 -5 11 2 -11 -2 6 -3 7 -1 8 0 -8 1 -7 3 -6 4 -4 
11 -5 3 -8 0 -11 6 -2 7 -1 8 -3 5 -4 4 -6 2 -7 1 
-7 4 -5 6 -4 5 -3 8 0 11 -1 7 -2 -11 3 -6 2 -8 1 
-1 8 -6 6 -2 -11 2 -7 1 11 0 -8 3 -5 4 -4 5 -3 7 
4 -4 11 -3 5 -7 2 -8 1 -11 0 8 -1 7 -2 6 -6 3 -5 
-7 1 11 0 8 -4 6 -2 7 -1 -11 -3 5 -8 4 -5 3 -6 2 
-4 11 -7 3 -6 2 -11 1 -8 0 8 -1 7 -2 6 -3 5 -5 4 
6 -3 7 -4 4 -11 2 -6 3 -5 5 -7 1 -8 0 8 -1 11 -2 
0 -8 3 -6 8 -5 4 -4 5 -3 6 -2 7 -1 11 2 -7 1 -11 
-7 1 11 2 -6 3 -8 0 8 -1 -11 -2 6 -3 7 -5 5 -4 4 
1 -7 6 -6 3 -5 4 -4 5 -3 11 -2 7 -1 8 0 -11 2 -8 
-7 8 -5 3 -11 0 11 -1 7 -2 6 -3 5 -4 4 -6 2 -8 1 
2 -6 5 -7 1 -11 -2 6 -4 4 -5 3 -8 0 8 -1 7 -3 11 
-7 7 -5 4 -4 5 -3 6 -2 -11 2 -6 3 -8 0 8 -1 11 1 
2 -11 0 8 -1 11 -4 7 -2 6 -3 5 -6 4 -5 3 -7 1 -8 
-1 11 -2 8 0 -11 1 -7 5 -8 2 -6 3 -5 4 -4 6 -3 7 
-4 8 -7 2 -8 1 -11 0 11 -1 7 -2 6 -3 5 -6 3 -5 4 
1 11 -6 7 -1 -11 3 -5 4 -4 5 -3 6 -2 8 0 -8 2 -7 
1 -11 -2 11 3 -5 5 -8 0 8 -1 7 -3 6 -4 4 -6 2 -7 
-11 2 -6 11 -2 7 -1 8 0 -8 3 -5 6 -3 5 -4 4 -7 1 
-2 6 -11 -1 8 -5 3 -7 1 -8 0 11 2 -6 4 -4 5 -3 7 
-3 8 -11 1 -7 2 -8 0 11 -1 7 -2 6 -5 3 -6 4 -4 5 
5 -8 11 0 -11 1 -7 2 -6 3 -5 4 -4 6 -2 8 -1 7 -3 
-11 0 -8 4 -5 6 -4 5 -3 8 -1 7 -2 11 3 -6 2 -7 1 
-1 -11 3 -6 4 -4 11 2 -7 1 -8 0 8 -2 6 -5 5 -3 7 
-5 4 -4 6 -3 8 -1 7 -2 -11 5 -8 0 11 1 -7 2 -6 3 
0 8 -1 -11 3 -6 6 -2 7 -5 4 -4 5 -3 11 2 -7 1 -8 
11 0 -11 6 -3 5 -4 4 -7 1 -8 2 -6 3 -5 8 -1 7 -2 
-7 7 -5 4 -4 5 -3 6 -2 -11 1 11 -1 8 0 -8 2 -6 3 
-11 11 3 -6 2 -7 1 -8 0 8 -1 7 -2 6 -4 4 -5 5 -3 
8 -6 2 11 0 -8 5 -4 4 -5 3 -7 1 -11 -3 6 -2 7 -1 
7 -6 5 -3 6 -4 4 -5 3 -7 2 -11 0 -8 1 11 -2 8 -1 
8 -5 7 -1 -11 4 -4 5 -3 6 -2 11 2 -6 3 -7 1 -8 0 
6 -7 1 -11 2 -6 11 0 -8 3 -5 4 -4 5 -3 7 -1 8 -2 
6 -4 11 -1 8 0 -11 2 -6 3 -7 1 -8 4 -5 5 -3 7 -2 
5 -7 7 -2 11 -1 8 0 -11 1 -8 2 -6 3 -5 4 -4 6 -3 
11 -4 5 -6 3 -5 4 -8 1 -7 2 -11 0 8 -2 6 -3 7 -1 
-4 8 -8 2 -6 5 -3 6 -2 7 -1 -11 0 11 1 -7 3 -5 4 
8 -2 6 -5 7 -3 5 -4 4 -6 2 -11 3 -7 1 -8 0 11 -1 
0 -11 -3 5 -7 2 -8 1 11 -6 3 -5 4 -4 6 -2 7 -1 8 
-3 6 -5 3 -7 5 -4 4 -6 2 -11 -2 8 0 -8 1 11 -1 7 
-8 0 11 -2 7 -1 8 -11 1 -7 4 -4 5 -3 6 -5 3 -6 2 
-1 11 -6 8 0 -11 2 -7 1 -8 3 -5 4 -4 5 -3 6 -2 7 
4 -5 6 -11 -2 8 0 -8 3 -6 2 -7 1 11 -1 7 -3 5 -4 
-1 11 -2 8 0 -11 6 -7 1 -8 2 -6 3 -5 4 -4 5 -3 7 
-8 5 -3 6 -5 3 -7 1 11 -2 8 -1 7 -4 4 -6 2 -11 0 
-8 8 -5 4 -4 5 -3 6 -2 7 -1 -11 2 -6 3 -7 1 11 0 
0 -8 6 -3 8 -2 7 -1 11 1 -7 2 -6 3 -5 5 -4 4 -11 
-8 1 -11 3 -5 8 -7 2 -6 4 -4 5 -3 6 -2 7 -1 11 0 
3 -8 2 -6 8 -3 5 -4 6 -2 7 -1 -11 0 11 1 -7 4 -5 
0 11 3 -8 1 -7 2 -6 7 -3 5 -4 4 -5 6 -2 -11 -1 8 
5 -4 4 -11 0 11 -5 3 -7 1 -8 2 -6 7 -1 8 -2 6 -3 
6 -2 7 -11 4 -5 3 -6 2 -7 1 -8 0 8 -1 11 -3 5 -4 
4 -5 11 -2 7 -1 8 0 -11 2 -8 1 -7 3 -6 6 -3 5 -4 
11 0 -8 4 -7 2 -6 3 -5 8 -1 7 -3 5 -4 6 -2 -11 1 
1 -8 8 -2 6 -5 3 -6 4 -4 5 -3 7 -1 -11 0 11 2 -7 
-11 2 -6 5 -5 4 -4 8 -3 6 -2 7 -1 11 3 -7 1 -8 0 
6 -3 11 -1 7 -8 5 -4 4 -5 3 -6 2 -7 1 -11 0 8 -2 
4 -5 7 -6 2 11 -1 8 0 -8 3 -7 1 -11 -2 6 -3 5 -4 
-2 11 0 -8 5 -3 6 -5 3 -7 1 -11 2 -6 4 -4 8 -1 7 
-2 6 -4 8 0 -11 4 -8 1 -7 2 -6 3 -5 5 -3 7 -1 11 
3 -6 8 -3 5 -7 2 -11 1 -8 0 11 -1 7 -2 6 -4 4 -5 
3 -7 8 0 -8 2 -6 4 -4 11 1 -11 -1 7 -2 6 -3 5 -5 
2 -6 8 -1 7 -2 11 3 -5 4 -4 6 -3 5 -11 0 -8 1 -7 
7 -6 5 -3 11 1 -8 0 8 -2 6 -4 4 -5 3 -7 2 -11 -1 
5 -5 4 -6 2 -8 1 -7 3 -11 -3 7 -1 11 0 8 -2 6 -4 
-2 -11 2 11 -4 4 -6 5 -3 7 -1 8 0 -8 1 -7 3 -5 6 
2 -11 3 -5 6 -6 4 -4 5 -3 8 -1 7 -2 11 0 -8 1 -7 
11 -6 2 -7 7 -2 6 -3 5 -4 4 -5 3 -11 1 -8 0 8 -1 
8 -6 7 -2 6 -3 5 -4 4 -5 3 -11 1 -7 2 -8 0 11 -1 
1 -8 11 3 -5 5 -3 7 -1 8 0 -11 -2 6 -4 4 -6 2 -7 
11 -2 8 -1 7 -3 5 -8 4 -4 6 -5 3 -6 2 -7 1 -11 0 
-5 7 -1 -11 8 0 11 -2 6 -3 5 -4 4 -8 1 -7 2 -6 3 
8 -4 5 -8 0 11 2 -6 3 -5 4 -7 1 -11 -2 6 -3 7 -1 
5 -3 8 -5 6 -2 7 -1 -11 3 -8 0 11 1 -7 2 -6 4 -4 
-11 7 -8 0 8 -1 11 1 -7 2 -6 3 -5 4 -4 5 -3 6 -2 
8 -4 7 -1 -11 2 11 -2 6 -3 5 -6 4 -5 3 -7 1 -8 0 
3 -5 7 -4 4 -6 5 -3 6 -2 -11 2 11 -1 8 0 -8 1 -7 
2 -6 6 -11 -1 7 -2 8 0 -8 1 11 -3 5 -4 4 -5 3 -7 
-1 11 -2 6 -7 2 -11 1 -8 0 8 -5 3 -6 4 -4 5 -3 7 
-6 4 -8 2 -7 1 11 0 -11 -2 7 -1 8 -4 6 -3 5 -5 3 
-6 11 -3 6 -2 7 -1 8 0 -11 4 -4 5 -5 3 -8 1 -7 2 
5 -5 7 -2 -11 3 -7 1 -8 0 8 -1 11 2 -6 4 -4 6 -3 
2 -7 1 -8 7 -5 3 -11 -1 11 0 8 -2 6 -3 5 -4 4 -6 
11 -2 8 0 -11 -1 7 -6 4 -4 6 -3 5 -5 3 -8 1 -7 2 
8 0 -8 11 -2 6 -4 4 -7 1 -11 2 -6 3 -5 5 -3 7 -1 
-5 6 -8 0 -11 3 -6 2 -7 1 11 -2 7 -1 8 -3 5 -4 4 
6 -2 11 -4 4 -6 3 -11 2 -7 1 -8 0 8 -1 7 -5 5 -3 
-4 6 -5 5 -3 11 0 8 -1 7 -2 -11 2 -6 3 -8 1 -7 4 
11 -11 4 -5 3 -6 2 -7 1 -8 0 8 -1 7 -2 6 -3 5 -4 
5 -11 3 -6 2 -7 1 -8 0 8 -3 11 -1 7 -2 6 -4 4 -5 
-1 8 -6 5 -4 4 -5 3 -8 0 11 2 -7 1 -11 -3 6 -2 7 
-7 1 -11 -1 7 -5 8 0 11 -2 6 -3 5 -4 4 -8 2 -6 3 
-1 8 0 -8 2 -7 1 11 -3 5 -6 7 -2 6 -4 4 -5 3 -11 
-8 1 -11 -1 11 2 -7 4 -6 3 -5 5 -4 7 -2 6 -3 8 0 
-8 8 -6 3 -5 4 -4 5 -3 6 -2 7 -1 11 1 -7 2 -11 0 
1 -11 6 -8 0 11 -2 7 -1 8 -3 5 -4 4 -5 3 -6 2 -7 
-7 4 -5 3 -6 8 -1 7 -2 6 -4 5 -3 -11 1 11 0 -8 2 
3 -5 5 -8 0 -11 2 -6 4 -4 7 -2 6 -3 8 -1 11 1 -7 
-6 3 -7 11 -4 4 -5 5 -3 6 -2 7 -1 8 0 -11 1 -8 2 
2 -8 7 -1 11 -5 3 -6 4 -4 5 -3 6 -2 8 0 -11 1 -7 
5 -7 4 -5 3 -6 2 11 -3 7 -1 -11 1 -8 0 8 -2 6 -4 
-11 6 -2 7 -3 11 1 -7 2 -6 5 -4 4 -5 3 -8 0 8 -1 
7 -1 8 -3 5 -6 2 -8 4 -5 3 -7 1 11 0 -11 -2 6 -4 
5 -8 1 11 -2 7 -1 8 0 -11 -3 6 -7 2 -6 3 -5 4 -4 
-5 6 -8 0 11 -1 8 -2 7 -3 5 -4 4 -7 1 -11 2 -6 3 
-11 8 -4 5 -3 6 -2 7 -1 11 1 -7 3 -5 4 -6 2 -8 0 
1 -8 6 -4 4 -11 -2 11 0 8 -1 7 -3 5 -5 3 -6 2 -7 
-3 8 -5 5 -4 4 -11 2 -6 3 -7 1 -8 0 11 -1 7 -2 6 
2 -6 11 3 -7 1 -11 -1 7 -3 5 -4 4 -5 6 -2 8 0 -8 
-3 -11 -2 7 -1 8 0 11 2 -7 1 -8 6 -4 4 -5 3 -6 5 
-3 5 -4 7 -8 0 8 -1 -11 4 -5 3 -6 2 -7 1 11 -2 6 
-11 2 -6 7 -8 0 8 -2 6 -3 5 -4 4 -5 3 -7 1 11 -1 
-8 0 -11 1 -7 7 -1 8 -2 6 -6 3 -5 4 -4 5 -3 11 2 
2 11 0 -11 -2 6 -5 3 -8 1 -7 5 -3 8 -1 7 -4 4 -6 
-6 4 -4 8 -8 0 11 1 -7 2 -11 -1 7 -2 6 -3 5 -5 3 
2 -7 7 -1 -11 6 -2 8 0 -8 1 11 -3 5 -4 4 -5 3 -6 
11 3 -8 1 -7 2 -6 8 0 -11 -3 5 -5 4 -4 6 -2 7 -1 
3 11 -3 7 -2 6 -4 4 -11 -1 8 0 -8 1 -7 2 -6 5 -5 
8 -2 7 -11 0 -8 3 -5 5 -3 6 -4 4 -6 2 -7 1 11 -1 
11 -5 3 -8 5 -3 -11 0 8 -1 7 -2 6 -4 4 -6 2 -7 1 
-8 7 -11 -1 11 0 8 -2 6 -3 5 -4 4 -5 3 -6 2 -7 1 
-3 7 -4 5 -11 -1 11 2 -6 4 -5 3 -7 1 -8 0 8 -2 6 
-5 4 -8 2 -6 6 -2 7 -3 5 -4 11 0 8 -1 -11 1 -7 3 
-11 0 11 -7 1 -8 8 -1 7 -2 6 -3 5 -4 4 -5 3 -6 2 
8 -3 -11 6 -2 7 -1 11 2 -6 4 -4 5 -5 3 -7 1 -8 0 
-2 8 0 -8 1 -7 5 -6 2 11 -3 6 -4 4 -5 3 -11 -1 7 
8 -3 7 -1 -11 1 -7 5 -8 2 -6 3 -5 4 -4 6 -2 11 0 
-5 7 -4 4 -6 3 -11 0 -8 1 -7 2 11 -1 8 -2 6 -3 5 
-7 5 -4 8 -2 6 -3 7 -1 -11 0 -8 2 -6 4 -5 3 11 1 
4 -7 3 -5 7 -6 2 -8 1 11 0 8 -1 -11 -2 6 -3 5 -4 
-7 11 2 -11 -3 5 -6 3 -5 4 -4 6 -2 7 -1 8 0 -8 1 
4 -8 0 11 -7 1 -11 2 -6 3 -5 8 -1 7 -2 6 -3 5 -4 
2 -11 0 -8 5 -6 3 -5 4 -4 7 -2 6 -3 8 -1 11 1 -7 
4 -11 -2 11 2 -6 3 -7 1 -8 0 8 -1 7 -5 5 -3 6 -4 
-7 7 -5 3 -6 2 -8 0 8 -1 11 1 -11 -2 6 -3 5 -4 4 
4 -5 6 -3 7 -1 11 1 -7 2 -6 3 -8 0 8 -2 -11 5 -4 
-4 8 -3 6 -2 7 -1 -11 4 -5 3 -7 1 11 0 -8 2 -6 5 
6 -3 8 -11 3 -5 4 -4 5 -6 2 -7 1 -8 0 11 -1 7 -2 
-3 7 -11 -1 11 1 -8 0 8 -2 6 -6 2 -7 3 -5 4 -4 5 
11 -11 -3 6 -2 7 -1 8 0 -8 2 -6 3 -5 4 -4 5 -7 1 
-4 11 -6 4 -5 3 -8 2 -7 1 -11 0 8 -1 7 -2 6 -3 5 
-7 11 -11 2 -6 3 -5 4 -4 5 -3 6 -2 7 -1 8 0 -8 1 
11 -5 5 -4 4 -7 3 -6 2 -8 1 -11 0 8 -3 6 -2 7 -1 
-4 7 -6 3 -5 4 -7 2 -11 1 -8 0 11 -1 8 -2 6 -3 5 
0 -8 7 -7 1 11 -1 -11 2 -6 3 -5 4 -4 5 -3 6 -2 8 
2 -8 0 -11 6 -3 7 -1 8 -2 11 1 -7 4 -4 5 -5 3 -6 
6 -11 7 -1 11 -3 5 -4 4 -5 3 -6 2 -7 1 -8 0 8 -2 
-7 2 -8 8 -4 4 -6 3 -5 5 -3 6 -2 7 -1 -11 0 11 1 
0 -11 2 -7 6 -3 5 -6 3 -5 4 -4 7 -1 8 -2 11 1 -8 
3 -11 6 -3 5 -5 4 -4 7 -1 11 -2 8 0 -8 1 -7 2 -6 
-8 0 -11 11 3 -5 8 -1 7 -2 6 -3 5 -4 4 -6 2 -7 1 
11 3 -5 7 -2 8 -1 -11 4 -4 6 -3 5 -6 2 -7 1 -8 0 
-1 8 -4 5 -5 3 -6 2 -11 4 -7 1 -8 0 11 -3 6 -2 7 
1 11 -4 4 -5 3 -11 -2 6 -3 7 -1 8 0 -8 5 -6 2 -7 
6 -3 5 -5 4 -11 2 -6 3 -7 1 -8 0 11 -1 8 -4 7 -2 
-3 5 -7 2 -6 6 -2 11 -4 4 -5 3 -11 1 -8 0 8 -1 7 
-2 7 -1 8 -3 -11 2 11 0 -8 1 -7 3 -5 4 -6 5 -4 6 
8 -1 11 0 -11 2 -7 1 -8 4 -6 3 -5 5 -4 6 -3 7 -2 
3 -6 7 -11 2 -7 1 -8 0 8 -1 11 -2 6 -3 5 -4 4 -5 
-3 6 -7 2 11 0 -8 1 -11 -2 7 -1 8 -6 3 -5 4 -4 5 
6 -2 7 -7 1 -8 11 0 8 -1 -11 2 -6 3 -5 4 -4 5 -3 
8 -4 5 -5 4 -8 0 11 3 -6 2 -7 1 -11 -1 7 -2 6 -3 
-4 5 -6 11 2 -11 -3 6 -2 7 -1 8 0 -8 1 -7 3 -5 4 
11 -8 4 -5 3 -6 2 -7 1 -11 -1 7 -3 5 -4 6 -2 8 0 
11 1 -8 4 -6 2 -7 3 -5 6 -3 5 -4 8 -1 7 -2 -11 0 
5 -7 2 -11 0 -8 1 11 -4 4 -5 3 -6 8 -1 7 -2 6 -3 
4 -11 5 -5 3 -6 2 -7 1 -8 0 11 -2 7 -1 8 -3 6 -4 
1 11 -2 8 -1 7 -7 2 -6 6 -3 5 -4 4 -5 3 -11 0 -8 
-3 11 -5 3 -11 1 -8 0 8 -1 7 -2 6 -4 4 -6 2 -7 5 
-4 11 3 -6 5 -3 7 -1 -11 2 -7 1 -8 0 8 -2 6 -5 4 
1 -11 7 -1 11 -4 4 -8 0 8 -2 6 -3 5 -5 3 -6 2 -7 
4 -8 7 -2 -11 0 8 -1 11 1 -7 2 -6 3 -5 5 -3 6 -4 
5 -3 6 -8 1 -7 2 -6 8 -2 7 -1 -11 0 11 3 -5 4 -4 
2 -7 11 -2 7 -1 8 0 -11 1 -8 4 -4 5 -3 6 -5 3 -6 
-7 6 -11 -2 8 0 11 -1 7 -3 5 -4 4 -5 3 -6 2 -8 1 
-11 -1 7 -6 5 -4 4 -5 3 -7 1 11 -2 6 -3 8 0 -8 2 
5 -4 7 -8 4 -5 3 -6 2 -7 1 -11 -1 8 0 11 -2 6 -3 
-3 -11 -1 8 0 -8 2 -6 4 -7 1 11 3 -5 5 -4 6 -2 7 
-6 11 -11 0 8 -1 7 -2 6 -3 5 -4 4 -5 3 -7 1 -8 2 
1 -7 6 -2 -11 4 -4 11 2 -6 3 -5 5 -3 7 -1 8 0 -8 
-5 3 -7 4 -4 8 0 -8 2 -6 5 -3 11 1 -11 -1 7 -2 6 
-3 8 -8 5 -4 4 -5 3 -6 2 -7 1 -11 0 11 -1 7 -2 6 
-7 3 -11 -3 5 -4 7 -2 6 -5 4 -6 2 -8 0 8 -1 11 1 
-2 7 -5 8 0 -11 -1 11 2 -8 1 -7 3 -6 4 -4 5 -3 6 
4 -8 7 -1 8 -3 5 -5 3 -6 2 -7 1 11 0 -11 -2 6 -4 
4 -11 6 -5 3 -6 2 -7 1 -8 0 8 -2 7 -1 11 -3 5 -4 
4 -7 3 -6 2 -11 -3 5 -5 6 -2 8 0 -8 1 11 -1 7 -4 
7 -7 2 -11 -3 5 -4 4 -6 3 -5 6 -2 11 1 -8 0 8 -1 
0 -11 2 -7 8 -6 3 -5 4 -4 5 -3 6 -2 7 -1 11 1 -8 
-3 8 -6 4 -5 3 -8 2 -7 1 -11 0 11 -1 7 -2 6 -4 5 
-2 -11 1 11 -5 5 -3 6 -4 4 -7 3 -6 2 -8 0 8 -1 7 
11 3 -5 6 -7 2 -6 4 -4 5 -3 8 -2 7 -1 -11 0 -8 1 
-7 6 -11 -3 5 -4 4 -5 3 -6 2 -8 0 8 -2 7 -1 11 1 
8 -11 -1 7 -3 6 -2 11 3 -5 5 -4 4 -6 2 -7 1 -8 0 
0 -11 -1 11 3 -7 1 -8 2 -6 5 -5 4 -4 6 -2 7 -3 8 
-1 -11 -2 6 -6 8 0 11 1 -7 2 -8 3 -5 4 -4 5 -3 7 
-6 8 -3 5 -7 1 11 3 -5 4 -4 6 -2 7 -1 -11 0 -8 2 
-7 5 -4 6 -2 7 -3 -11 1 -8 0 8 -1 11 3 -5 4 -6 2 
-5 8 -6 3 -7 1 11 0 -8 2 -11 -1 7 -2 6 -3 5 -4 4 
-4 11 3 -11 0 -8 1 -7 2 -6 6 -2 8 -1 7 -3 5 -5 4 
5 -7 4 -5 3 -6 2 11 1 -8 0 8 -4 7 -1 -11 -2 6 -3 
4 -8 1 11 -2 8 0 -11 -1 7 -5 3 -6 2 -7 6 -3 5 -4 
0 11 -11 -2 6 -4 4 -8 1 -7 2 -6 3 -5 5 -3 7 -1 8 
-8 6 -6 2 -7 3 -5 4 -4 5 -3 11 -2 7 -1 8 0 -11 1 
-1 -11 3 -5 4 -4 11 2 -6 5 -3 8 0 -8 1 -7 6 -2 7 
4 -8 0 8 -6 3 -5 5 -3 6 -2 7 -1 -11 1 -7 2 11 -4 
-11 5 -7 2 -6 3 -5 4 -4 8 0 -8 1 11 -2 6 -3 7 -1 
5 -8 4 -4 7 -3 6 -2 11 0 8 -1 -11 1 -7 2 -6 3 -5 
-3 11 -7 5 -4 4 -5 3 -6 2 -11 1 -8 0 8 -1 7 -2 6 
3 11 -6 2 -8 0 8 -2 7 -1 -11 1 -7 6 -3 5 -4 4 -5 
-3 6 -6 8 -2 7 -1 11 2 -7 1 -11 0 -8 3 -5 4 -4 5 
-2 6 -4 5 -8 4 -5 3 -6 2 -7 1 11 0 8 -3 7 -1 -11 
-1 -11 7 -2 8 0 -8 2 -6 6 -3 5 -4 4 -5 3 -7 1 11 
11 2 -11 -1 7 -2 6 -6 3 -7 1 -8 0 8 -5 4 -4 5 -3 
-1 -11 5 -3 7 -7 1 -8 2 -6 3 -5 4 -4 6 -2 11 0 8 
6 -2 7 -6 2 11 0 8 -1 -11 -3 5 -7 1 -8 3 -5 4 -4 
7 -5 6 -2 -11 -1 8 0 11 3 -8 1 -7 2 -6 4 -4 5 -3 
-5 11 2 -8 0 -11 1 -7 4 -4 7 -1 8 -2 6 -3 5 -6 3 
-6 3 -8 4 -5 7 -1 11 -2 6 -3 5 -4 8 0 -11 1 -7 2 
11 0 -11 -3 8 -1 7 -2 6 -8 1 -7 2 -6 4 -4 5 -5 3 
-5 8 -1 7 -8 1 -11 0 11 -2 6 -3 5 -4 4 -6 2 -7 3 
7 -6 5 -3 11 -2 6 -4 4 -5 3 -11 1 -7 2 -8 0 8 -1 
5 -8 1 -11 -3 11 0 8 -1 7 -2 6 -4 4 -6 2 -7 3 -5 
-1 -11 8 -6 2 11 0 -8 1 -7 3 -5 4 -4 5 -3 6 -2 7 
5 -6 3 -8 1 -7 2 11 -4 4 -5 6 -2 7 -1 8 0 -11 -3 
-2 11 -5 7 -1 8 0 -11 3 -6 2 -8 1 -7 4 -4 5 -3 6 
5 -11 7 -4 4 -5 3 -6 2 -7 1 -8 0 8 -1 11 -2 6 -3 
7 -3 8 0 -8 3 -7 2 -6 4 -4 5 -5 6 -2 -11 1 11 -1 
-6 5 -4 6 -2 7 -3 -11 0 8 -1 11 3 -5 4 -8 1 -7 2 
2 -6 4 -7 1 11 -5 3 -11 -3 5 -4 6 -2 7 -1 8 0 -8 
6 -7 7 -2 8 -1 -11 1 11 0 -8 2 -6 3 -5 4 -4 5 -3 
2 -7 5 -5 3 -6 4 -4 11 -3 6 -2 7 -1 8 0 -8 1 -11 
-6 2 11 -2 6 -4 7 -1 -11 1 -8 0 8 -3 5 -5 3 -7 4 
-7 5 -11 -3 7 -1 11 0 8 -2 6 -4 4 -5 3 -6 2 -8 1 
4 -6 8 -3 5 -5 3 11 2 -7 1 -8 0 -11 -1 7 -2 6 -4 
1 -11 11 -1 7 -2 8 0 -8 3 -5 5 -3 6 -4 4 -6 2 -7 
7 -8 1 -11 -3 5 -4 4 -7 2 -6 3 -5 6 -2 8 0 11 -1 
8 -1 -11 0 -8 6 -6 2 -7 1 11 3 -5 4 -4 5 -3 7 -2 
0 8 -1 11 -4 6 -2 7 -3 5 -7 1 -11 4 -5 3 -6 2 -8 
-8 8 -6 3 -5 4 -4 5 -3 6 -2 7 -1 11 2 -7 1 -11 0 
6 -8 1 -7 7 -3 5 -4 4 -5 3 -6 2 11 0 -11 -1 8 -2 
-2 8 -6 3 -7 1 -11 2 -8 0 11 -1 7 -5 4 -4 5 -3 6 
-5 5 -4 8 -1 7 -2 6 -3 11 1 -11 0 -8 2 -7 3 -6 4 
-2 -11 4 -7 2 -6 3 -5 5 -3 11 1 -8 0 8 -1 7 -4 6 
-2 11 0 8 -11 -1 7 -7 1 -8 2 -6 3 -5 4 -4 5 -3 6 
-11 4 -8 0 8 -5 3 -6 2 -7 1 11 -4 5 -3 6 -2 7 -1 
0 11 -2 -11 1 -8 6 -5 3 -6 2 -7 4 -4 5 -3 7 -1 8 
-5 7 -7 1 -8 3 -6 2 -11 -1 11 0 8 -2 6 -3 5 -4 4 
7 -5 11 0 -8 3 -11 1 -7 2 -6 4 -4 5 -3 6 -2 8 -1 
-3 5 -5 8 0 11 -2 7 -1 -11 3 -6 2 -7 1 -8 4 -4 6 
-2 8 -6 3 -7 1 11 0 -8 2 -11 -1 7 -4 4 -5 5 -3 6 
-11 -1 8 0 11 3 -7 1 -8 2 -6 6 -2 7 -4 4 -5 5 -3 
-8 4 -5 6 -2 11 -3 5 -4 7 -1 8 0 -11 2 -6 3 -7 1 
-5 7 -6 4 -4 5 -3 6 -2 -11 1 -7 2 11 -1 8 0 -8 3 
8 -8 0 -11 7 -2 6 -3 5 -4 4 -5 3 -6 2 -7 1 11 -1 
-7 5 -4 8 0 11 -2 6 -3 7 -1 -11 4 -5 3 -6 2 -8 1 
-5 8 -1 11 2 -7 1 -8 0 -11 5 -3 6 -2 7 -4 4 -6 3 
-2 -11 11 1 -8 0 8 -1 7 -7 2 -6 3 -5 4 -4 5 -3 6 
2 -11 1 -7 6 -3 7 -2 8 -1 11 0 -8 3 -5 4 -4 5 -6 
-5 3 -6 7 -2 -11 2 -8 0 8 -1 11 1 -7 6 -3 5 -4 4 
-11 11 -6 3 -5 4 -4 5 -3 6 -2 7 -1 8 0 -8 2 -7 1 
4 -4 8 -6 2 -7 1 11 0 -11 -1 7 -2 6 -3 5 -8 3 -5 
-6 11 -3 5 -8 0 8 -1 7 -2 6 -4 4 -5 3 -11 1 -7 2 
1 -11 0 11 -6 4 -4 7 -1 8 -2 6 -3 5 -5 3 -7 2 -8 
3 -8 7 -3 5 -6 2 -7 1 11 0 -11 -1 8 -2 6 -4 4 -5 
-6 11 -7 2 -11 1 -8 0 8 -1 7 -2 6 -3 5 -4 4 -5 3 
0 11 -1 8 -11 5 -3 6 -2 7 -4 4 -5 3 -6 2 -7 1 -8 
7 -5 3 -7 2 -6 4 -4 5 -11 -1 8 0 -8 1 11 -2 6 -3 
-3 8 -11 2 -7 1 -8 0 11 -1 7 -2 6 -5 3 -6 4 -4 5 
-2 7 -8 6 -3 5 -4 4 -5 3 -6 2 -7 1 11 -1 8 0 -11 
-4 5 -3 6 -6 11 1 -11 -1 7 -2 8 0 -8 2 -7 3 -5 4 
3 -11 2 -7 1 -8 0 11 -4 8 -1 7 -2 6 -3 5 -5 4 -6 
-3 11 -6 6 -2 7 -1 8 0 -11 1 -7 2 -8 3 -5 4 -4 5 
6 -5 3 -7 11 -2 7 -1 8 0 -11 1 -8 2 -6 4 -4 5 -3 
-11 -1 7 -3 8 0 -8 6 -2 11 3 -5 5 -4 4 -6 2 -7 1 
-6 3 -5 6 -3 11 2 -7 1 -8 0 8 -1 7 -2 -11 5 -4 4 
-2 7 -5 8 -1 -11 0 11 2 -6 3 -7 1 -8 4 -4 5 -3 6 
-6 7 -11 2 -7 1 -8 0 11 -1 8 -2 6 -3 5 -4 4 -5 3 
8 -7 3 -5 6 -2 7 -1 11 0 -8 1 -11 2 -6 4 -4 5 -3 
-5 8 -4 4 -11 0 -8 1 -7 5 -3 6 -2 7 -1 11 2 -6 3 
-6 11 1 -11 -1 7 -3 6 -2 8 0 -8 5 -4 4 -5 3 -7 2 
6 -3 8 -1 -11 5 -7 1 11 0 -8 2 -6 3 -5 4 -4 7 -2 
-11 3 11 -4 6 -3 5 -5 4 -6 2 -7 1 -8 0 8 -1 7 -2 
8 -11 -2 7 -1 11 1 -7 5 -3 6 -4 4 -5 3 -6 2 -8 0 
-6 2 -7 4 -8 0 8 -1 7 -4 5 -3 -11 1 11 -2 6 -5 3 
-7 3 -5 7 -2 -11 6 -3 5 -4 4 -6 2 -8 0 8 -1 11 1 
-3 7 -1 -11 3 -5 4 -8 1 -7 2 -6 8 0 11 -2 6 -4 5 
-11 1 -8 11 -3 5 -7 2 -6 3 -5 4 -4 6 -2 7 -1 8 0 
-4 8 -3 6 -2 7 -1 -11 3 -5 5 -8 0 11 1 -7 2 -6 4 
3 -7 7 -6 2 -11 0 -8 1 11 -1 8 -2 6 -3 5 -4 4 -5 
-1 8 -4 7 -2 6 -3 5 -11 1 -7 2 -6 4 -5 3 -8 0 11 
6 -6 2 11 -8 1 -7 3 -5 4 -4 5 -3 -11 0 8 -1 7 -2 
0 8 -3 6 -11 -1 7 -2 11 3 -5 5 -4 4 -6 2 -7 1 -8 
-2 -11 11 0 8 -1 7 -3 5 -8 1 -7 2 -6 3 -5 4 -4 6 
1 11 0 -8 6 -4 4 -6 3 -5 5 -3 8 -2 7 -1 -11 2 -7 
5 -5 7 -2 -11 2 -8 0 8 -1 11 1 -7 3 -6 4 -4 6 -3 
8 -7 2 -8 0 11 1 -11 -1 7 -6 3 -5 4 -4 5 -3 6 -2 
5 -3 11 -2 6 -8 3 -5 4 -4 7 -1 8 0 -11 1 -7 2 -6 
-3 6 -2 11 -8 4 -5 3 -6 2 -7 1 -11 0 8 -1 7 -4 5 
-1 -11 -3 7 -2 6 -7 4 -4 5 -5 3 -6 2 -8 1 11 0 8 
11 -3 7 -1 8 -2 6 -5 4 -4 5 -7 1 -8 3 -6 2 -11 0 
7 -11 3 -6 2 -7 1 -8 0 8 -4 4 -5 5 -3 6 -2 11 -1 
7 -7 1 11 -2 6 -11 -3 5 -4 4 -5 3 -6 2 -8 0 8 -1 
-2 7 -6 2 -11 11 -1 8 0 -8 1 -7 3 -5 4 -4 5 -3 6 
-4 6 -7 1 11 -3 5 -6 2 -8 0 8 -1 7 -2 -11 3 -5 4 
-1 11 3 -6 7 -3 5 -4 4 -5 6 -2 8 0 -8 2 -7 1 -11 
2 11 -1 7 -7 4 -4 5 -3 -11 1 -8 0 8 -2 6 -5 3 -6 
7 -6 2 -8 5 -3 11 1 -7 3 -5 4 -4 6 -2 8 0 -11 -1 
5 -6 2 -11 8 -3 6 -2 7 -1 11 0 -8 1 -7 3 -5 4 -4 
-2 8 -4 4 -8 1 -7 6 -3 5 -5 3 -6 2 11 0 -11 -1 7 
0 -11 1 11 -5 7 -1 8 -2 6 -3 5 -4 4 -7 2 -6 3 -8 
-2 11 -11 1 -7 7 -1 8 0 -8 2 -6 3 -5 4 -4 5 -3 6 
2 -11 0 11 -7 1 -8 5 -3 6 -2 8 -1 7 -4 4 -5 3 -6 
-11 -1 8 -3 7 -2 6 -4 4 -6 5 -5 3 -7 2 -8 1 11 0 
3 -7 7 -6 2 -8 1 11 -1 -11 0 8 -2 6 -3 5 -4 4 -5 
-1 7 -8 5 -3 8 0 11 -2 6 -4 4 -5 3 -6 2 -7 1 -11 
11 2 -11 -3 7 -1 8 0 -8 1 -7 3 -5 4 -6 5 -4 6 -2 
1 11 -6 5 -3 7 -1 8 0 -8 2 -11 -2 6 -4 4 -5 3 -7 
-8 4 -5 5 -3 6 -4 8 -1 7 -2 11 1 -7 3 -6 2 -11 0 
0 11 3 -8 1 -7 2 -6 5 -3 6 -2 -11 -1 7 -4 4 -5 8 
5 -7 2 -6 8 -3 6 -2 7 -1 11 0 -11 1 -8 3 -5 4 -4 
-4 11 -6 5 -3 6 -2 7 -1 8 0 -8 1 -7 2 -11 3 -5 4 
-7 6 -6 3 -5 4 -4 5 -3 -11 0 8 -2 7 -1 11 2 -8 1 
-11 1 11 -2 6 -7 8 -1 7 -3 5 -4 4 -5 3 -6 2 -8 0 
8 -4 6 -2 -11 1 -8 4 -5 3 -6 2 -7 5 -3 7 -1 11 0 
-6 3 -7 11 -2 6 -5 4 -4 5 -3 7 -1 8 0 -11 1 -8 2 
-1 -11 6 -6 2 11 -3 5 -4 4 -5 3 -7 1 -8 0 8 -2 7 
-2 11 3 -7 2 -6 6 -4 4 -5 5 -3 -11 1 -8 0 8 -1 7 
3 -8 11 -3 6 -2 7 -1 8 0 -11 1 -7 2 -6 5 -4 4 -5 
-5 11 3 -11 0 -8 1 -7 2 -6 4 -4 6 -2 8 -1 7 -3 5 
1 11 -5 8 0 -8 4 -4 5 -3 6 -2 7 -1 -11 3 -6 2 -7 
